Iteration	CPUTime	PhysTime	Travels	Value	AvValue	MinValue	MaxValue	Delta	Criteria	Progress	dGMaxMin	CriteriaType	CriteriaVarType	CriteriaPercentage
1	2	0	0.025	-0.162887956	-0.162887956	-0.162887956	-0.162887956	0	0	0	0	0	0	3
2	3	0	0.05	0.175131765	0.00612190429	-0.162887956	0.175131765	0.169009861	0	0	0	0	0	3
3	3	0	0.075	-0.0510597154	-0.0129386356	-0.162887956	0.175131765	0.169009861	0	0	0	0	0	3
4	3	0	0.1	0.0144869886	-0.00608222954	-0.162887956	0.175131765	0.169009861	0	0	0	0	0	3
5	4	0	0.125	0.0406536683	0.00326495002	-0.162887956	0.175131765	0.169009861	0	0	0	0	0	3
6	4	0	0.15	0.00683477735	0.00385992125	-0.162887956	0.175131765	0.169009861	0	0	0	0	0	3
7	4	0	0.175	0.00246158402	0.00366015878	-0.162887956	0.175131765	0.169009861	0	0	0	0	0	3
8	5	0	0.2	-0.0208081062	0.000601625667	-0.162887956	0.175131765	0.169009861	0	0	0	0	0	3
9	5	0	0.225	-0.0174275007	-0.00140161059	-0.162887956	0.175131765	0.169009861	0	0	0	0	0	3
10	6	0	0.25	-0.0489690378	-0.00615835331	-0.162887956	0.175131765	0.169009861	0	0	0	0	0	3
11	6	0	0.275	-0.0828694214	-0.0131320868	-0.162887956	0.175131765	0.169009861	0	0	0	0	0	3
12	6	0	0.3	-0.249500525	-0.0328294566	-0.249500525	0.175131765	0.169009861	0	0	0	0	0	3
13	7	0	0.325	-0.503132318	-0.0690065998	-0.503132318	0.175131765	0.169009861	0	0	0	0	0	3
14	7	0	0.35	-0.998816108	-0.135421565	-0.998816108	0.175131765	0.169009861	0	0	0	0	0	3
15	7	0	0.375	-1.66638601	-0.237485861	-1.66638601	0.175131765	0.243607765	0	0	0	0	0	3
16	8	0	0.4	-2.72842391	-0.393169489	-2.72842391	0.175131765	0.399291394	0	0	0	0	0	3
17	8	0	0.425	-4.57940415	-0.639418587	-4.57940415	0.175131765	0.645540491	0	0	0	0	0	3
18	9	0	0.45	-7.35950897	-1.01275694	-7.35950897	0.175131765	1.01887885	0	0	0	0	0	3
19	9	0	0.475	-10.7158169	-1.52344431	-10.7158169	0.175131765	1.52956621	0	0	0	0	0	3
20	9	0	0.5	-14.6713723	-2.18084071	-14.6713723	0.175131765	2.18696261	0	0	0	0	0	3
21	10	0	0.525	-17.78044	-3.06171831	-17.78044	0.175131765	3.06784021	0	0	0	0	0	3
22	10	0	0.55	-21.671316	-4.1540407	-21.671316	0.0406536683	4.15790062	0	0	0	0	0	3
23	10	0	0.575	-25.4613773	-5.42455657	-25.4613773	0.0406536683	5.42841649	0	0	0	0	0	3
24	11	0	0.6	-29.3334241	-6.89195213	-29.3334241	0.0406536683	6.89581205	0	0	0	0	0	3
25	11	0	0.625	-32.51312	-8.51964081	-32.51312	0.00683477735	8.52350073	0	0	0	0	0	3
26	11	0	0.65	-34.5566429	-10.2478147	-34.5566429	0.00246158402	10.2514749	0	0	0	0	0	3
27	12	0	0.675	-36.1874557	-12.0573106	-36.1874557	-0.0174275007	12.0579122	0	0	0	0	0	3
28	12	0	0.7	-37.5992998	-13.9362351	-37.5992998	-0.0174275007	13.9348335	0	0	0	0	0	3
29	12	0	0.725	-38.6777639	-15.869252	-38.6777639	-0.0489690378	15.8630936	0	0	0	0	0	3
30	13	0	0.75	-39.6966278	-17.8516349	-39.6966278	-0.0828694214	17.8385028	0	0	0	0	0	3
31	13	0	0.775	-39.9360172	-19.8442923	-39.9360172	-0.249500525	19.8114628	0	0	0	0	0	3
32	13	0	0.8	-40.5658041	-21.8601075	-40.5658041	-0.503132318	21.7911009	0	0	0	0	0	3
33	14	0	0.825	-40.6864634	-23.869274	-40.6864634	-0.998816108	23.7338525	0	0	0	0	0	3
34	14	0	0.85	-41.3412562	-25.886396	-41.3412562	-1.66638601	25.6489102	0	0	0	0	0	3
35	14	0	0.875	-41.1806556	-27.8621095	-41.3412562	-2.72842391	27.46894	0	0	0	0	0	3
36	15	0	0.9	-41.6800219	-29.8096894	-41.6800219	-4.57940415	29.1702708	0	0	0	0	0	3
37	15	0	0.925	-41.5396282	-31.6577006	-41.6800219	-7.35950897	30.6449437	0	0	0	0	0	3
38	15	0	0.95	-42.0430428	-33.3918773	-42.0430428	-10.7158169	31.3272259	0	0	0	0	0	3
39	15	0	0.975	-41.7420438	-34.9431887	-42.0430428	-14.6713723	27.3716705	0	0	0	0	0	3
40	16	0	1	-42.0951961	-36.3143798	-42.0951961	-17.78044	24.3147561	6.32037746	25.9	0	0	0	3
41	16	0	1.025	-41.8954801	-37.5201318	-42.0951961	-21.671316	20.4238801	6.32037746	30.9	0	0	0	3
42	16	0	1.05	-42.1674998	-38.544941	-42.1674998	-25.4613773	16.7061225	6.32580024	37.8	0	0	0	3
43	17	0	1.075	-42.0169549	-39.3727199	-42.1674998	-29.3334241	12.8340757	6.32760783	49.3	0	0	0	3
44	17	0	1.1	-42.2034486	-39.5075165	-42.2034486	-29.3334241	12.8700245	6.32985971	49.1	0	0	0	3
45	18	0	1.125	-42.0773427	-40.1143698	-42.2034486	-32.51312	9.69032862	6.33019627	65.3	0	0	0	3
46	18	0	1.15	-42.3805457	-40.5842472	-42.3805457	-34.5566429	7.82390281	6.33484807	80.9	0	0	0	3
47	18	0	1.175	-42.2235053	-40.9493359	-42.3805457	-36.1874557	6.19308998	6.33807707	100	0	0	0	3
48	19	0	1.2	-42.4653449	-41.248283	-42.4653449	-37.5992998	4.86604508	6.34171589	100	0	0	0	3
49	19	0	1.225	-42.2950787	-41.4718915	-42.4653449	-38.6777639	3.78758099	6.34454608	100	0	0	0	3
50	19	0	1.25	-42.5325256	-41.6554516	-42.5325256	-39.6966278	2.8358978	6.34734482	100	0	0	0	3
