Iteration	CPUTime	PhysTime	Travels	Value	AvValue	MinValue	MaxValue	Delta	Criteria	Progress	dGMaxMin	CriteriaType	CriteriaVarType	CriteriaPercentage
1	2	0	0.025	-0.0169012674	-0.0169012674	-0.0169012674	-0.0169012674	0	0	0	0	0	0	3
2	3	0	0.05	0.0330426096	0.00807067113	-0.0169012674	0.0330426096	0.0249719385	0	0	0	0	0	3
3	3	0	0.075	-0.00574251854	0.00346627457	-0.0169012674	0.0330426096	0.0249719385	0	0	0	0	0	3
4	3	0	0.1	-0.00218583495	0.00205324719	-0.0169012674	0.0330426096	0.0249719385	0	0	0	0	0	3
5	4	0	0.125	-0.00178758514	0.00128508073	-0.0169012674	0.0330426096	0.0249719385	0	0	0	0	0	3
6	4	0	0.15	-0.00303475733	0.000565107718	-0.0169012674	0.0330426096	0.0249719385	0	0	0	0	0	3
7	4	0	0.175	-0.00203958284	0.000193009066	-0.0169012674	0.0330426096	0.0249719385	0	0	0	0	0	3
8	5	0	0.2	-0.00309056585	-0.000217437799	-0.0169012674	0.0330426096	0.0249719385	0	0	0	0	0	3
9	5	0	0.225	-0.00119734862	-0.000326316779	-0.0169012674	0.0330426096	0.0249719385	0	0	0	0	0	3
10	6	0	0.25	-0.00238893289	-0.00053257839	-0.0169012674	0.0330426096	0.0249719385	0	0	0	0	0	3
11	6	0	0.275	-0.00767225135	-0.00118163957	-0.0169012674	0.0330426096	0.0249719385	0	0	0	0	0	3
12	6	0	0.3	-0.0261339722	-0.00326100062	-0.0261339722	0.0330426096	0.0249719385	0	0	0	0	0	3
13	7	0	0.325	-0.0543951927	-0.00719440001	-0.0543951927	0.0330426096	0.0249719385	0	0	0	0	0	3
14	7	0	0.35	-0.127452232	-0.0157842451	-0.127452232	0.0330426096	0.0249719385	0	0	0	0	0	3
15	7	0	0.375	-0.19048385	-0.0274308855	-0.19048385	0.0330426096	0.0355015566	0	0	0	0	0	3
16	8	0	0.4	-0.273217982	-0.042792579	-0.273217982	0.0330426096	0.0508632501	0	0	0	0	0	3
17	8	0	0.425	-0.302452355	-0.0580666835	-0.302452355	0.0330426096	0.0661373546	0	0	0	0	0	3
18	9	0	0.45	-0.303599983	-0.0717074224	-0.303599983	0.0330426096	0.0797780935	0	0	0	0	0	3
19	9	0	0.475	-0.218777828	-0.07944797	-0.303599983	0.0330426096	0.0875186411	0	0	0	0	0	3
20	9	0	0.5	-0.0360512386	-0.0772781334	-0.303599983	0.0330426096	0.0875186411	0	0	0	0	0	3
21	10	0	0.525	0.192594545	-0.0668033428	-0.303599983	0.192594545	0.0875186411	0	0	0	0	0	3
22	10	0	0.55	0.384892382	-0.0492108542	-0.303599983	0.384892382	0.0829142446	0	0	0	0	0	3
23	10	0	0.575	0.661126424	-0.015867407	-0.303599983	0.661126424	0.0815012172	0	0	0	0	0	3
24	11	0	0.6	0.882836415	0.0283837055	-0.303599983	0.882836415	0.107831675	0	0	0	0	0	3
25	11	0	0.625	1.02525459	0.0797358144	-0.303599983	1.02525459	0.159183784	0	0	0	0	0	3
26	11	0	0.65	1.13202553	0.136488829	-0.303599983	1.13202553	0.215936799	0	0	0	0	0	3
27	12	0	0.675	1.15400594	0.194291105	-0.303599983	1.15400594	0.273739075	0	0	0	0	0	3
28	12	0	0.7	1.24615642	0.256753454	-0.303599983	1.24615642	0.336201424	0	0	0	0	0	3
29	12	0	0.725	1.24175502	0.318901073	-0.303599983	1.24615642	0.398349043	0	0	0	0	0	3
30	13	0	0.75	1.3329225	0.385666645	-0.303599983	1.3329225	0.465114615	0	0	0	0	0	3
31	13	0	0.775	1.27841986	0.44997125	-0.303599983	1.3329225	0.52941922	0	0	0	0	0	3
32	13	0	0.8	1.38018152	0.520287025	-0.303599983	1.38018152	0.599734995	0	0	0	0	0	3
33	14	0	0.825	1.32720475	0.589367022	-0.303599983	1.38018152	0.668814992	0	0	0	0	0	3
34	14	0	0.85	1.44124404	0.667801836	-0.303599983	1.44124404	0.747249806	0	0	0	0	0	3
35	14	0	0.875	1.38872096	0.746762076	-0.303599983	1.44124404	0.826210046	0	0	0	0	0	3
36	15	0	0.9	1.45276824	0.833061387	-0.303599983	1.45276824	0.912509357	0	0	0	0	0	3
37	15	0	0.925	1.39562593	0.917965302	-0.303599983	1.45276824	0.997413272	0	0	0	0	0	3
38	15	0	0.95	1.44385868	1.00533824	-0.218777828	1.45276824	1.08478621	0	0	0	0	0	3
39	15	0	0.975	1.38467723	1.08551099	-0.0360512386	1.45276824	1.16278912	0	0	0	0	0	3
40	16	0	1	1.4591048	1.16026879	0.192594545	1.4591048	1.22707213	0.264405718	21.5	0	0	0	3
41	16	0	1.025	1.38918211	1.22009817	0.384892382	1.4591048	1.07421242	0.264405718	24.6	0	0	0	3
42	16	0	1.05	1.47610241	1.27465867	0.661126424	1.47610241	0.814975986	0.265680538	32.5	0	0	0	3
43	17	0	1.075	1.41225044	1.31221487	0.882836415	1.47610241	0.593265995	0.266105479	44.8	0	0	0	3
44	17	0	1.1	1.51394238	1.32182094	0.882836415	1.51394238	0.631105969	0.267736948	42.4	0	0	0	3
45	18	0	1.125	1.40346245	1.34661266	1.02525459	1.51394238	0.488687792	0.268715829	54.9	0	0	0	3
46	18	0	1.15	1.49125948	1.36880337	1.13202553	1.51394238	0.381916852	0.269368417	70.5	0	0	0	3
47	18	0	1.175	1.39452712	1.38130344	1.15400594	1.51394238	0.359936443	0.269834551	74.9	0	0	0	3
48	19	0	1.2	1.49660998	1.39761792	1.24175502	1.51394238	0.27218736	0.270184151	99.2	0	0	0	3
49	19	0	1.225	1.41432464	1.40562593	1.24175502	1.51394238	0.27218736	0.270456063	99.3	0	0	0	3
50	19	0	1.25	1.49224296	1.41755393	1.27841986	1.51394238	0.235522523	0.270673592	100	0	0	0	3
