Iteration	CPUTime	PhysTime	Travels	Value	AvValue	MinValue	MaxValue	Delta	Criteria	Progress	dGMaxMin	CriteriaType	CriteriaVarType	CriteriaPercentage
1	2	0	0.025	101889.975	101889.975	101889.975	101889.975	0	0	0	10186.3	0	0	3
2	2	0	0.05	101462.478	101676.227	101462.478	101889.975	213.748479	0	0	12565.3	0	0	3
3	2	0	0.075	101400.113	101584.189	101400.113	101889.975	305.78624	0	0	9556.6	0	0	3
4	2	0	0.1	101314.36	101516.732	101314.36	101889.975	373.243457	0	0	3972.36	0	0	3
5	3	0	0.125	101327.741	101478.934	101314.36	101889.975	411.041509	0	0	1798.02	0	0	3
6	3	0	0.15	101310.141	101450.802	101310.141	101889.975	439.173553	0	0	1319.12	0	0	3
7	3	0	0.175	101332.006	101433.831	101310.141	101889.975	456.144303	0	0	1065.14	0	0	3
8	3	0	0.2	101313.054	101418.734	101310.141	101889.975	471.241435	0	0	663.991	0	0	3
9	4	0	0.225	101327.797	101408.63	101310.141	101889.975	481.345509	0	0	419.078	0	0	3
10	4	0	0.25	101311.707	101398.937	101310.141	101889.975	491.037775	0	0	465.535	0	0	3
11	4	0	0.275	101331.977	101392.85	101310.141	101889.975	497.125067	0	0	458.867	0	0	3
12	4	0	0.3	101319.755	101386.759	101310.141	101889.975	503.216335	0	0	379.345	0	0	3
13	4	0	0.325	101338.772	101383.068	101310.141	101889.975	506.907655	0	0	412.478	0	0	3
14	5	0	0.35	101338.256	101379.867	101310.141	101889.975	510.108513	0	0	523.499	0	0	3
15	5	0	0.375	101349.314	101377.83	101310.141	101889.975	512.145389	0	0	754.249	0	0	3
16	5	0	0.4	101351.309	101376.172	101310.141	101889.975	513.802938	0	0	917.707	0	0	3
17	5	0	0.425	101352.284	101374.767	101310.141	101889.975	515.208131	0	0	1200.28	0	0	3
18	6	0	0.45	101351.826	101373.493	101310.141	101889.975	516.482642	0	0	1474.9	0	0	3
19	6	0	0.475	101348.325	101372.168	101310.141	101889.975	517.807236	0	0	1854.76	0	0	3
20	6	0	0.5	101345.019	101370.811	101310.141	101889.975	519.164671	0	0	2209.46	0	0	3
21	6	0	0.525	101340.44	101343.334	101310.141	101462.478	152.336812	0	0	2441.48	0	0	3
22	7	0	0.55	101336.632	101337.041	101310.141	101400.113	89.9720094	0	0	2655.82	0	0	3
23	7	0	0.575	101332.369	101333.654	101310.141	101352.284	42.1425536	0	0	2864.19	0	0	3
24	7	0	0.6	101330.643	101334.468	101310.141	101352.284	42.1425536	0	0	3070.6	0	0	3
25	7	0	0.625	101328.626	101334.513	101310.141	101352.284	42.1425536	0	0	3177.25	0	0	3
26	8	0	0.65	101327.902	101335.401	101311.707	101352.284	40.5769487	0	0	3273.21	0	0	3
27	8	0	0.675	101325.752	101335.088	101311.707	101352.284	40.5769487	0	0	3343.09	0	0	3
28	8	0	0.7	101324.247	101335.648	101311.707	101352.284	40.5769487	0	0	3442.21	0	0	3
29	8	0	0.725	101322.223	101335.369	101311.707	101352.284	40.5769487	0	0	3482.77	0	0	3
30	8	0	0.75	101321.451	101335.856	101319.755	101352.284	32.5290625	0	0	3605.42	0	0	3
31	10	0	0.775	101320.985	101335.306	101319.755	101352.284	32.5290625	0	0	3591.5	0	0	3
32	10	0	0.8	101320.634	101335.35	101320.634	101352.284	31.6501427	0	0	3683.88	0	0	3
33	10	0	0.825	101320.228	101334.423	101320.228	101352.284	32.0556859	0	0	3656.29	0	0	3
34	11	0	0.85	101319.926	101333.507	101319.926	101352.284	32.3576608	0	0	3748.16	0	0	3
35	11	0	0.875	101319.552	101332.019	101319.552	101352.284	32.7319079	0	0	3720.07	0	0	3
36	11	0	0.9	101319.835	101330.445	101319.552	101352.284	32.7319079	0	0	3765.16	0	0	3
37	11	0	0.925	101319.633	101328.812	101319.552	101351.826	32.2738047	0	0	3769.02	0	0	3
38	11	0	0.95	101319.449	101327.194	101319.449	101348.325	28.8759267	0	0	3812.12	0	0	3
39	12	0	0.975	101319.306	101325.743	101319.306	101345.019	25.7132444	0	0	3808.64	0	0	3
40	12	0	1	101319.222	101324.453	101319.222	101340.44	18.8809416	13.4958014	0	3860.75	0	0	3
41	12	0	1.025	101319.088	101323.385	101319.088	101336.632	13.6562197	13.4958014	0	3847.69	0	0	3
42	12	0	1.05	101319.198	101322.514	101319.088	101332.369	13.2805569	13.4958014	0	3888.35	0	0	3
43	13	0	1.075	101319.262	101321.858	101319.088	101330.643	11.5551347	13.4958014	0	3877.81	0	0	3
44	13	0	1.1	101319.292	101321.736	101319.088	101330.643	11.5551347	13.4958014	0	3918.88	0	0	3
45	13	0	1.125	101319.23	101321.193	101319.088	101328.626	9.53847169	13.4958014	0	3905.09	0	0	3
46	14	0	1.15	101319.061	101320.737	101319.061	101327.902	8.84124789	13.4958014	0	3947.05	0	0	3
47	14	0	1.175	101319.043	101320.315	101319.043	101325.752	6.70934456	13.4958014	0	3938.13	0	0	3
48	14	0	1.2	101319.092	101319.998	101319.043	101324.247	5.20375081	13.4958014	0	3977.52	0	0	3
49	14	0	1.225	101319.083	101319.752	101319.043	101322.223	3.18038524	13.4958014	0	3961.71	0	0	3
50	14	0	1.25	101318.964	101319.597	101318.964	101321.451	2.48646372	13.4958014	0	3996.9	0	0	3
51	15	0	1.275	101318.814	101319.471	101318.814	101320.985	2.17116601	13.4958014	0	3981.84	0	0	3
52	15	0	1.3	101318.928	101319.373	101318.814	101320.634	1.81984865	13.4958014	0	4022.72	0	0	3
53	15	0	1.325	101318.992	101319.295	101318.814	101320.228	1.41430546	13.4958014	0	3998.7	0	0	3
54	15	0	1.35	101318.799	101319.227	101318.799	101319.926	1.12775409	13.4958014	0	4034.39	0	0	3
55	16	0	1.375	101318.894	101319.178	101318.799	101319.835	1.03678652	13.4958014	0	4014.78	0	0	3
56	16	0	1.4	101318.917	101319.148	101318.799	101319.835	1.03678652	13.4958014	0	4054.02	0	0	3
57	16	0	1.425	101318.887	101319.103	101318.799	101319.633	0.834605573	13.4958014	0	4028.07	0	0	3
58	16	0	1.45	101319.027	101319.074	101318.799	101319.449	0.650764925	13.4958014	0	4059.19	0	0	3
59	16	0	1.475	101319	101319.052	101318.799	101319.306	0.507460081	13.4958014	0	4037.6	0	0	3
60	17	0	1.5	101318.846	101319.03	101318.799	101319.292	0.493285376	13.4958014	0	4072.27	0	0	3
61	17	0	1.525	101318.866	101319.013	101318.799	101319.292	0.493285376	13.4958014	0	4050.62	0	0	3
62	17	0	1.55	101318.835	101319.001	101318.799	101319.292	0.493285376	13.4958014	0	4083.73	0	0	3
63	17	0	1.575	101318.709	101318.978	101318.709	101319.292	0.58247127	13.4958014	0	4066.47	0	0	3
64	18	0	1.6	101318.941	101318.963	101318.709	101319.292	0.58247127	13.4958014	0	4104.65	0	0	3
65	18	0	1.625	101318.947	101318.946	101318.709	101319.23	0.520469889	13.4958014	0	4083.57	0	0	3
66	18	0	1.65	101319.043	101318.938	101318.709	101319.092	0.382520263	13.4958014	0	4117.59	0	0	3
67	18	0	1.675	101318.879	101318.929	101318.709	101319.092	0.382520263	13.4958014	0	4102	0	0	3
68	19	0	1.7	101318.8	101318.917	101318.709	101319.092	0.382520263	13.4958014	0	4145.48	0	0	3
69	19	0	1.725	101318.743	101318.901	101318.709	101319.083	0.373888642	13.4958014	0	4133.58	0	0	3
70	19	0	1.75	101318.813	101318.888	101318.709	101319.043	0.333780669	13.4958014	0	4167.24	0	0	3
71	19	0	1.775	101318.764	101318.878	101318.709	101319.043	0.333780669	13.4958014	0	4150.22	0	0	3
72	20	0	1.8	101318.662	101318.871	101318.662	101319.043	0.381062155	13.4958014	0	4182.31	0	0	3
73	20	0	1.825	101318.687	101318.86	101318.662	101319.043	0.381062155	13.4958014	0	4164.34	0	0	3
74	20	0	1.85	101318.75	101318.848	101318.662	101319.043	0.37907545	13.4958014	0	4197.56	0	0	3
75	20	0	1.875	101318.693	101318.843	101318.662	101319.043	0.334933084	13.4958014	0	4175.63	0	0	3
76	21	0	1.9	101318.844	101318.841	101318.662	101319.043	0.307096434	13.4958014	0	4209.46	0	0	3
77	21	0	1.925	101318.825	101318.836	101318.662	101319.043	0.266324129	13.4958014	0	4187.06	0	0	3
78	21	0	1.95	101318.695	101318.827	101318.662	101319.043	0.24663694	13.4958014	0	4221.19	0	0	3
79	21	0	1.975	101318.621	101318.808	101318.621	101319.043	0.244560323	13.4958014	0	4209.86	0	0	3
80	22	0	2	101318.765	101318.797	101318.621	101319.043	0.233862558	13.4958014	0	4251.73	0	0	3
81	22	0	2.025	101318.931	101318.801	101318.621	101319.043	0.216875193	13.4958014	0	4236.1	0	0	3
82	22	0	2.05	101318.975	101318.806	101318.621	101319.043	0.204823511	13.4958014	0	4267.99	0	0	3
83	22	0	2.075	101318.649	101318.797	101318.621	101319.043	0.181541303	13.4958014	0	4246.38	0	0	3
84	23	0	2.1	101318.661	101318.795	101318.621	101319.043	0.168195665	13.4958014	0	4281.85	0	0	3
85	23	0	2.125	101318.819	101318.789	101318.621	101319.043	0.157573457	13.4958014	0	4260.36	0	0	3
86	23	0	2.15	101318.675	101318.776	101318.621	101319.043	0.161662104	13.4958014	0	4297.97	0	0	3
87	23	0	2.175	101318.732	101318.761	101318.621	101318.975	0.167802003	13.4958014	0	4278.59	0	0	3
88	24	0	2.2	101318.755	101318.755	101318.621	101318.975	0.162118975	13.4958014	0	4313.71	0	0	3
89	24	0	2.225	101318.635	101318.747	101318.621	101318.975	0.153331394	13.4958014	0	4293.16	0	0	3
90	24	0	2.25	101318.659	101318.743	101318.621	101318.975	0.144465623	13.4958014	0	4333.65	0	0	3
91	24	0	2.275	101318.422	101318.725	101318.422	101318.975	0.153586501	13.4958014	0	4320.1	0	0	3
92	25	0	2.3	101318.368	101318.706	101318.368	101318.975	0.165216915	13.4958014	0	4353.23	0	0	3
93	25	0	2.325	101318.627	101318.704	101318.368	101318.975	0.155388868	13.4958014	0	4332.95	0	0	3
94	25	0	2.35	101318.745	101318.707	101318.368	101318.975	0.143878747	13.4958014	0	4367.15	0	0	3
95	26	0	2.375	101318.689	101318.704	101318.368	101318.975	0.138996324	13.4958014	0	4345.64	0	0	3
96	26	0	2.4	101318.832	101318.711	101318.368	101318.975	0.136598935	13.4958014	0	4389.14	0	0	3
97	26	0	2.425	101318.574	101318.698	101318.368	101318.975	0.138466968	13.4958014	0	4376.8	0	0	3
98	27	0	2.45	101318.531	101318.684	101318.368	101318.975	0.143287764	13.4958014	0	4411.8	0	0	3
99	27	0	2.475	101318.508	101318.675	101318.368	101318.975	0.132841944	13.4958014	0	4390.97	0	0	3
100	27	0	2.5	101318.701	101318.679	101318.368	101318.975	0.130895105	13.4958014	0	4424.8	0	0	3
101	27	0	2.525	101318.73	101318.677	101318.368	101318.975	0.130895105	13.4958014	0	4403.77	0	0	3
102	28	0	2.55	101318.815	101318.672	101318.368	101318.975	0.134296736	13.4958014	0	4444.49	0	0	3
103	28	0	2.575	101318.738	101318.66	101318.368	101318.832	0.136734753	13.4958014	0	4432.75	0	0	3
104	28	0	2.6	101318.657	101318.661	101318.368	101318.832	0.134414743	13.4958014	0	4470.51	0	0	3
105	29	0	2.625	101318.684	101318.662	101318.368	101318.832	0.128630049	13.4958014	0	4451.41	0	0	3
106	29	0	2.65	101318.502	101318.647	101318.368	101318.832	0.129239864	13.4958014	0	4487.45	0	0	3
107	29	0	2.675	101318.649	101318.645	101318.368	101318.832	0.115639662	13.4958014	0	4468.54	0	0	3
108	29	0	2.7	101318.719	101318.645	101318.368	101318.832	0.110345982	13.4958014	0	4511.97	0	0	3
109	30	0	2.725	101318.852	101318.649	101318.368	101318.852	0.102527023	13.4958014	0	4498.21	0	0	3
110	30	0	2.75	101318.681	101318.652	101318.368	101318.852	0.0985396575	13.4958014	0	4531.08	0	0	3
111	30	0	2.775	101318.717	101318.654	101318.368	101318.852	0.0798929736	13.4958014	0	4507.57	0	0	3
112	30	0	2.8	101318.606	101318.663	101318.368	101318.852	0.0658114869	13.4958014	0	4538.55	0	0	3
113	31	0	2.825	101318.805	101318.684	101318.502	101318.852	0.0658114869	13.4958014	0	4513.52	0	0	3
114	31	0	2.85	101318.927	101318.698	101318.502	101318.927	0.0658114869	13.4958014	0	4554.65	0	0	3
115	31	0	2.875	101318.822	101318.702	101318.502	101318.927	0.0658114869	13.4958014	0	4541.25	0	0	3
116	31	0	2.9	101318.834	101318.709	101318.502	101318.927	0.0658114869	13.4958014	0	4576.57	0	0	3
117	32	0	2.925	101318.817	101318.708	101318.502	101318.927	0.0639596353	13.4958014	0	4555.45	0	0	3
118	32	0	2.95	101318.814	101318.72	101318.502	101318.927	0.0747308108	13.4958014	0	4593.54	0	0	3
119	32	0	2.975	101318.85	101318.735	101318.502	101318.927	0.0898903047	13.4958014	0	4578.1	0	0	3
120	32	0	3	101318.899	101318.753	101318.502	101318.927	0.108512328	13.4958014	0	4612.93	0	0	3
121	33	0	3.025	101318.658	101318.751	101318.502	101318.927	0.108512328	13.4958014	0	4593.03	0	0	3
122	33	0	3.05	101318.914	101318.76	101318.502	101318.927	0.115218267	13.4958014	0	4631.65	0	0	3
123	33	0	3.075	101318.81	101318.76	101318.502	101318.927	0.115218267	13.4958014	0	4617.03	0	0	3
124	34	0	3.1	101318.602	101318.753	101318.502	101318.927	0.115218267	13.4958014	0	4650.69	0	0	3
125	34	0	3.125	101318.513	101318.746	101318.502	101318.927	0.115218267	13.4958014	0	4628.18	0	0	3
126	34	0	3.15	101318.641	101318.744	101318.502	101318.927	0.115218267	13.4958014	0	4667.57	0	0	3
127	34	0	3.175	101318.752	101318.756	101318.513	101318.927	0.115218267	13.4958014	0	4652.77	0	0	3
128	35	0	3.2	101319.017	101318.774	101318.513	101319.017	0.128971786	13.4958014	0	4685.53	0	0	3
129	35	0	3.225	101318.912	101318.783	101318.513	101319.017	0.133550511	13.4958014	0	4661.39	0	0	3
130	35	0	3.25	101318.821	101318.781	101318.513	101319.017	0.131372632	13.4958014	0	4699.31	0	0	3
131	36	0	3.275	101318.796	101318.787	101318.513	101319.017	0.132618729	13.4958014	0	4684.61	0	0	3
132	36	0	3.3	101318.749	101318.788	101318.513	101319.017	0.125373122	13.4958014	0	4717.72	0	0	3
133	36	0	3.325	101318.734	101318.795	101318.513	101319.017	0.110642062	13.4958014	0	4702.46	0	0	3
134	36	0	3.35	101318.811	101318.795	101318.513	101319.017	0.0966718134	13.4958014	0	4742.14	0	0	3
135	37	0	3.375	101318.778	101318.788	101318.513	101319.017	0.0929728484	13.4958014	0	4727.64	0	0	3
136	37	0	3.4	101318.748	101318.784	101318.513	101319.017	0.0867370611	13.4958014	0	4759.24	0	0	3
137	37	0	3.425	101318.696	101318.778	101318.513	101319.017	0.0867370611	13.4958014	0	4739.22	0	0	3
138	37	0	3.45	101318.6	101318.767	101318.513	101319.017	0.0752974151	13.4958014	0	4774.29	0	0	3
139	38	0	3.475	101318.61	101318.758	101318.513	101319.017	0.0601379211	13.4958014	0	4754.57	0	0	3
140	38	0	3.5	101318.756	101318.753	101318.513	101319.017	0.0504694389	13.4958014	0	4783.36	0	0	3
141	38	0	3.525	101318.691	101318.743	101318.513	101319.017	0.0516802282	13.4958014	0	4762.89	0	0	3
142	39	0	3.55	101318.728	101318.746	101318.513	101319.017	0.0516802282	13.4958014	0	4798.93	0	0	3
143	39	0	3.575	101318.578	101318.73	101318.513	101319.017	0.0643614139	13.4958014	0	4787.49	0	0	3
144	39	0	3.6	101318.729	101318.727	101318.513	101319.017	0.0682203532	13.4958014	0	4818.99	0	0	3
145	39	0	3.625	101318.627	101318.728	101318.513	101319.017	0.0682203532	13.4958014	0	4800.79	0	0	3
146	40	0	3.65	101318.739	101318.739	101318.578	101319.017	0.0682203532	13.4958014	0	4839.75	0	0	3
