Iteration	CPUTime	PhysTime	Travels	Value	AvValue	MinValue	MaxValue	Delta	Criteria	Progress	dGMaxMin	CriteriaType	CriteriaVarType	CriteriaPercentage
1	2	0	0.025	101348.025	101348.025	101348.025	101348.025	0	0	0	10186.3	0	0	3
2	2	0	0.05	101273.964	101310.994	101273.964	101348.025	37.0305293	0	0	12565.3	0	0	3
3	2	0	0.075	101342.006	101321.332	101273.964	101348.025	37.0305293	0	0	9556.6	0	0	3
4	2	0	0.1	101326.661	101322.664	101273.964	101348.025	37.0305293	0	0	3972.36	0	0	3
5	3	0	0.125	101319.816	101322.094	101273.964	101348.025	37.0305293	0	0	1798.02	0	0	3
6	3	0	0.15	101319.973	101321.741	101273.964	101348.025	37.0305293	0	0	1319.12	0	0	3
7	3	0	0.175	101326.534	101322.426	101273.964	101348.025	37.0305293	0	0	1065.14	0	0	3
8	3	0	0.2	101321.036	101322.252	101273.964	101348.025	37.0305293	0	0	663.991	0	0	3
9	4	0	0.225	101325.625	101322.627	101273.964	101348.025	37.0305293	0	0	419.078	0	0	3
10	4	0	0.25	101322.346	101322.599	101273.964	101348.025	37.0305293	0	0	465.535	0	0	3
11	4	0	0.275	101345.562	101324.686	101273.964	101348.025	37.0305293	0	0	458.867	0	0	3
12	4	0	0.3	101362.659	101327.851	101273.964	101362.659	37.0305293	0	0	379.345	0	0	3
13	4	0	0.325	101419.959	101334.936	101273.964	101419.959	37.0305293	0	0	412.478	0	0	3
14	5	0	0.35	101453.592	101343.411	101273.964	101453.592	37.0305293	0	0	523.499	0	0	3
15	5	0	0.375	101517.565	101355.022	101273.964	101517.565	44.027139	0	0	754.249	0	0	3
16	5	0	0.4	101543.07	101366.775	101273.964	101543.07	55.7801709	0	0	917.707	0	0	3
17	5	0	0.425	101574.933	101379.019	101273.964	101574.933	68.0247629	0	0	1200.28	0	0	3
18	6	0	0.45	101590.582	101390.773	101273.964	101590.582	79.7782295	0	0	1474.9	0	0	3
19	6	0	0.475	101584.352	101400.961	101273.964	101590.582	89.9666266	0	0	1854.76	0	0	3
20	6	0	0.5	101555.889	101408.707	101273.964	101590.582	97.7130518	0	0	2209.46	0	0	3
21	6	0	0.525	101512.565	101416.934	101273.964	101590.582	105.940064	0	0	2441.48	0	0	3
22	7	0	0.55	101478.734	101427.173	101319.816	101590.582	105.841407	0	0	2655.82	0	0	3
23	7	0	0.575	101443.759	101432.261	101319.816	101590.582	110.519749	0	0	2864.19	0	0	3
24	7	0	0.6	101416.98	101436.777	101319.816	101590.582	115.035687	0	0	3070.6	0	0	3
25	7	0	0.625	101393.421	101440.457	101319.973	101590.582	118.715936	0	0	3177.25	0	0	3
26	8	0	0.65	101377.725	101443.344	101321.036	101590.582	121.092431	0	0	3273.21	0	0	3
27	8	0	0.675	101368.761	101445.456	101321.036	101590.582	123.203746	0	0	3343.09	0	0	3
28	8	0	0.7	101358.785	101447.343	101322.346	101590.582	124.744453	0	0	3442.21	0	0	3
29	8	0	0.725	101350.607	101448.592	101322.346	101590.582	125.993544	0	0	3482.77	0	0	3
30	8	0	0.75	101341.966	101449.573	101341.966	101590.582	124.887017	0	0	3605.42	0	0	3
31	10	0	0.775	101340.268	101449.309	101340.268	101590.582	121.722612	0	0	3591.5	0	0	3
32	10	0	0.8	101340.179	101448.185	101340.179	101590.582	114.637378	0	0	3683.88	0	0	3
33	10	0	0.825	101335.385	101443.956	101335.385	101590.582	106.161953	0	0	3656.29	0	0	3
34	11	0	0.85	101334.603	101438.006	101334.603	101590.582	94.5517325	0	0	3748.16	0	0	3
35	11	0	0.875	101336.075	101428.932	101334.603	101590.582	82.7987006	0	0	3720.07	0	0	3
36	11	0	0.9	101333.514	101418.454	101333.514	101590.582	70.5541086	0	0	3765.16	0	0	3
37	11	0	0.925	101332.594	101406.337	101332.594	101590.582	58.8006419	0	0	3769.02	0	0	3
38	11	0	0.95	101333.315	101393.474	101332.594	101584.352	56.0994054	0	0	3812.12	0	0	3
39	12	0	0.975	101330.597	101380.786	101330.597	101555.889	68.7871383	0	0	3808.64	0	0	3
40	12	0	1	101328.991	101369.441	101328.991	101512.565	80.132064	40.6148037	50.6	3860.75	0	0	3
41	12	0	1.025	101330.19	101360.322	101328.991	101478.734	89.2508038	40.6148037	45.5	3847.69	0	0	3
42	12	0	1.05	101330.626	101352.917	101328.991	101443.759	96.6561812	40.6148037	42	3888.35	0	0	3
43	13	0	1.075	101330.806	101347.269	101328.991	101416.98	87.9888225	40.6148037	46.1	3877.81	0	0	3
44	13	0	1.1	101330.834	101346.487	101328.991	101416.98	87.9888225	40.6148037	46.1	3918.88	0	0	3
45	13	0	1.125	101332.39	101342.459	101328.991	101393.421	64.4301681	40.6148037	63	3905.09	0	0	3
46	14	0	1.15	101332.042	101339.536	101328.991	101377.725	48.7338344	40.6148037	83.3	3947.05	0	0	3
47	14	0	1.175	101332.503	101337.382	101328.991	101368.761	39.7696913	40.6148037	100	3938.13	0	0	3
48	14	0	1.2	101332.648	101335.663	101328.991	101358.785	29.7943484	40.6148037	100	3977.52	0	0	3
49	14	0	1.225	101332.658	101334.419	101328.991	101350.607	21.6161896	40.6148037	100	3961.71	0	0	3
50	14	0	1.25	101332.497	101333.556	101328.991	101341.966	12.9751811	40.6148037	100	3996.9	0	0	3
51	15	0	1.275	101332.56	101333.108	101328.991	101340.268	11.2770368	40.6148037	100	3981.84	0	0	3
52	15	0	1.3	101332.574	101332.742	101328.991	101340.179	11.1877214	40.6148037	100	4022.72	0	0	3
53	15	0	1.325	101333.483	101332.423	101328.991	101336.075	7.08371959	40.6148037	100	3998.7	0	0	3
54	15	0	1.35	101333.676	101332.342	101328.991	101336.075	7.08371959	40.6148037	100	4034.39	0	0	3
55	16	0	1.375	101334.476	101332.336	101328.991	101336.075	7.08371959	40.6148037	100	4014.78	0	0	3
56	16	0	1.4	101334.047	101332.239	101328.991	101334.476	5.48477597	40.6148037	100	4054.02	0	0	3
57	16	0	1.425	101334.451	101332.284	101328.991	101334.476	5.48477597	40.6148037	100	4028.07	0	0	3
58	16	0	1.45	101333.231	101332.314	101328.991	101334.476	5.48477597	40.6148037	100	4059.19	0	0	3
59	16	0	1.475	101333.527	101332.324	101328.991	101334.476	5.48477597	40.6148037	100	4037.6	0	0	3
60	17	0	1.5	101332.942	101332.436	101328.991	101334.476	5.48477597	40.6148037	100	4072.27	0	0	3
61	17	0	1.525	101333.233	101332.638	101330.19	101334.476	4.28540229	40.6148037	100	4050.62	0	0	3
62	17	0	1.55	101332.752	101332.76	101330.626	101334.476	3.8493315	40.6148037	100	4083.73	0	0	3
63	17	0	1.575	101333.824	101332.912	101330.806	101334.476	3.66954187	40.6148037	100	4066.47	0	0	3
64	18	0	1.6	101334.16	101333.072	101330.834	101334.476	3.64142729	40.6148037	100	4104.65	0	0	3
65	18	0	1.625	101335.208	101333.28	101332.042	101335.208	3.16648026	40.6148037	100	4083.57	0	0	3
66	18	0	1.65	101335.085	101333.408	101332.042	101335.208	3.16648026	40.6148037	100	4117.59	0	0	3
67	18	0	1.675	101335.583	101333.577	101332.497	101335.583	3.08566949	40.6148037	100	4102	0	0	3
68	19	0	1.7	101335.034	101333.698	101332.497	101335.583	3.08566949	40.6148037	100	4145.48	0	0	3
69	19	0	1.725	101336.808	101333.896	101332.497	101336.808	2.17949014	40.6148037	100	4133.58	0	0	3
70	19	0	1.75	101336.432	101334.075	101332.497	101336.808	1.83628709	40.6148037	100	4167.24	0	0	3
71	19	0	1.775	101337.296	101334.304	101332.56	101337.296	2.06478573	40.6148037	100	4150.22	0	0	3
72	20	0	1.8	101336.564	101334.495	101332.574	101337.296	2.25546575	40.6148037	100	4182.31	0	0	3
73	20	0	1.825	101337.339	101334.722	101332.752	101337.339	2.48237043	40.6148037	100	4164.34	0	0	3
74	20	0	1.85	101335.642	101334.824	101332.752	101337.339	2.58517303	40.6148037	100	4197.56	0	0	3
75	20	0	1.875	101335.563	101334.914	101332.752	101337.339	2.67503477	40.6148037	100	4175.63	0	0	3
76	21	0	1.9	101335.256	101334.951	101332.752	101337.339	2.71218059	40.6148037	100	4209.46	0	0	3
77	21	0	1.925	101335.755	101335.033	101332.752	101337.339	2.74891365	40.6148037	100	4187.06	0	0	3
78	21	0	1.95	101335.521	101335.084	101332.752	101337.339	2.76953469	40.6148037	100	4221.19	0	0	3
79	21	0	1.975	101337.077	101335.267	101332.752	101337.339	2.94259396	40.6148037	100	4209.86	0	0	3
80	22	0	2	101337.098	101335.437	101332.752	101337.339	3.0009561	40.6148037	100	4251.73	0	0	3
81	22	0	2.025	101338.491	101335.701	101332.752	101338.491	3.06317551	40.6148037	100	4236.1	0	0	3
82	22	0	2.05	101337.065	101335.884	101332.752	101338.491	3.12369785	40.6148037	100	4267.99	0	0	3
83	22	0	2.075	101337.484	101336.109	101333.824	101338.491	3.19674495	40.6148037	100	4246.38	0	0	3
84	23	0	2.1	101338.94	101336.352	101334.16	101338.94	3.28062931	40.6148037	100	4281.85	0	0	3
85	23	0	2.125	101340.294	101336.645	101335.034	101340.294	3.36439696	40.6148037	100	4260.36	0	0	3
86	23	0	2.15	101340.293	101336.887	101335.034	101340.294	3.4782017	40.6148037	100	4297.97	0	0	3
87	23	0	2.175	101340.637	101337.151	101335.034	101340.637	3.5739591	40.6148037	100	4278.59	0	0	3
88	24	0	2.2	101339.705	101337.347	101335.034	101340.637	3.64970637	40.6148037	100	4313.71	0	0	3
89	24	0	2.225	101339.973	101337.583	101335.256	101340.637	3.68681013	40.6148037	100	4293.16	0	0	3
90	24	0	2.25	101339.549	101337.713	101335.256	101340.637	3.63762753	40.6148037	100	4333.65	0	0	3
91	24	0	2.275	101340.451	101337.904	101335.256	101340.637	3.60050178	40.6148037	100	4320.1	0	0	3
92	25	0	2.3	101340.307	101338.048	101335.256	101340.637	3.55319109	40.6148037	100	4353.23	0	0	3
93	25	0	2.325	101340.542	101338.237	101335.256	101340.637	3.51572279	40.6148037	100	4332.95	0	0	3
94	25	0	2.35	101341.133	101338.418	101335.256	101341.133	3.59359854	40.6148037	100	4367.15	0	0	3
95	26	0	2.375	101341.625	101338.703	101335.256	101341.625	3.78863087	40.6148037	100	4345.64	0	0	3
96	26	0	2.4	101340.592	101338.942	101335.256	101341.625	3.99095057	40.6148037	100	4389.14	0	0	3
97	26	0	2.425	101341.371	101339.233	101335.521	101341.625	4.20077673	40.6148037	100	4376.8	0	0	3
98	27	0	2.45	101340.713	101339.47	101335.521	101341.625	4.38592326	40.6148037	100	4411.8	0	0	3
99	27	0	2.475	101342.137	101339.785	101337.065	101342.137	4.51781702	40.6148037	100	4390.97	0	0	3
100	27	0	2.5	101342.633	101340.049	101337.065	101342.633	4.61236778	40.6148037	100	4424.8	0	0	3
101	27	0	2.525	101344.106	101340.383	101337.065	101344.106	4.68188743	40.6148037	100	4403.77	0	0	3
102	28	0	2.55	101341.736	101340.537	101337.065	101344.106	4.6539401	40.6148037	100	4444.49	0	0	3
103	28	0	2.575	101342.31	101340.787	101337.484	101344.106	4.67836674	40.6148037	100	4432.75	0	0	3
104	28	0	2.6	101342.601	101341.031	101338.94	101344.106	4.67841772	40.6148037	100	4470.51	0	0	3
105	29	0	2.625	101342.996	101341.224	101339.549	101344.106	4.55689485	40.6148037	100	4451.41	0	0	3
106	29	0	2.65	101343.309	101341.368	101339.549	101344.106	4.48093618	40.6148037	100	4487.45	0	0	3
107	29	0	2.675	101344.531	101341.569	101339.549	101344.531	4.41836049	40.6148037	100	4468.54	0	0	3
108	29	0	2.7	101343.782	101341.719	101339.549	101344.531	4.37183142	40.6148037	100	4511.97	0	0	3
109	30	0	2.725	101344.138	101341.93	101339.549	101344.531	4.34770856	40.6148037	100	4498.21	0	0	3
110	30	0	2.75	101344.045	101342.124	101339.549	101344.531	4.41104847	40.6148037	100	4531.08	0	0	3
111	30	0	2.775	101344.045	101342.338	101340.307	101344.531	4.22475548	40.6148037	100	4507.57	0	0	3
112	30	0	2.8	101344.241	101342.519	101340.307	101344.531	4.22475548	40.6148037	100	4538.55	0	0	3
113	31	0	2.825	101344.841	101342.735	101340.542	101344.841	4.29848677	40.6148037	100	4513.52	0	0	3
114	31	0	2.85	101344.248	101342.911	101340.592	101344.841	4.2493577	40.6148037	100	4554.65	0	0	3
115	31	0	2.875	101344.61	101343.077	101340.592	101344.841	4.2493577	40.6148037	100	4541.25	0	0	3
116	31	0	2.9	101344.788	101343.227	101340.592	101344.841	4.2493577	40.6148037	100	4576.57	0	0	3
117	32	0	2.925	101345.917	101343.481	101340.713	101345.917	4.24736345	40.6148037	100	4555.45	0	0	3
118	32	0	2.95	101344.676	101343.638	101340.713	101345.917	4.16865059	40.6148037	100	4593.54	0	0	3
119	32	0	2.975	101345.184	101343.851	101341.736	101345.917	4.06648078	40.6148037	100	4578.1	0	0	3
120	32	0	3	101344.899	101343.983	101341.736	101345.917	3.93344241	40.6148037	100	4612.93	0	0	3
121	33	0	3.025	101346.38	101344.161	101341.736	101346.38	3.77812272	40.6148037	100	4593.03	0	0	3
122	33	0	3.05	101345.899	101344.246	101341.736	101346.38	3.70895268	40.6148037	100	4631.65	0	0	3
123	33	0	3.075	101347.019	101344.498	101342.31	101347.019	3.71076438	40.6148037	100	4617.03	0	0	3
124	34	0	3.1	101346.775	101344.711	101342.601	101347.019	3.67970176	40.6148037	100	4650.69	0	0	3
125	34	0	3.125	101347.829	101344.96	101342.996	101347.829	3.73553738	40.6148037	100	4628.18	0	0	3
126	34	0	3.15	101346.077	101345.106	101343.309	101347.829	3.73864771	40.6148037	100	4667.57	0	0	3
127	34	0	3.175	101347.627	101345.312	101343.782	101347.829	3.74244247	40.6148037	100	4652.77	0	0	3
128	35	0	3.2	101346.765	101345.418	101343.782	101347.829	3.6990463	40.6148037	100	4685.53	0	0	3
129	35	0	3.225	101346.598	101345.552	101344.045	101347.829	3.62209074	40.6148037	100	4661.39	0	0	3
130	35	0	3.25	101345.731	101345.628	101344.045	101347.829	3.50409799	40.6148037	100	4699.31	0	0	3
131	36	0	3.275	101346.852	101345.762	101344.045	101347.829	3.42370558	40.6148037	100	4684.61	0	0	3
132	36	0	3.3	101347.337	101345.919	101344.241	101347.829	3.3999933	40.6148037	100	4717.72	0	0	3
133	36	0	3.325	101348.447	101346.119	101344.248	101348.447	3.38436304	40.6148037	100	4702.46	0	0	3
134	36	0	3.35	101347.347	101346.238	101344.248	101348.447	3.32727535	40.6148037	100	4742.14	0	0	3
135	37	0	3.375	101348.505	101346.441	101344.61	101348.505	3.36448146	40.6148037	100	4727.64	0	0	3
136	37	0	3.4	101348.509	101346.627	101344.676	101348.509	3.39950871	40.6148037	100	4759.24	0	0	3
137	37	0	3.425	101348.892	101346.822	101344.676	101348.892	3.34132897	40.6148037	100	4739.22	0	0	3
138	37	0	3.45	101347.863	101346.915	101344.676	101348.892	3.27663905	40.6148037	100	4774.29	0	0	3
139	38	0	3.475	101348.948	101347.118	101344.899	101348.948	3.26721609	40.6148037	100	4754.57	0	0	3
140	38	0	3.5	101347.687	101347.237	101344.899	101348.948	3.25485601	40.6148037	100	4783.36	0	0	3
141	38	0	3.525	101347.095	101347.342	101345.731	101348.948	3.18102243	40.6148037	100	4762.89	0	0	3
142	39	0	3.55	101346.097	101347.329	101345.731	101348.948	3.09563762	40.6148037	100	4798.93	0	0	3
143	39	0	3.575	101347.6	101347.41	101345.731	101348.948	2.91159196	40.6148037	100	4787.49	0	0	3
144	39	0	3.6	101348.523	101347.481	101345.731	101348.948	2.77057896	40.6148037	100	4818.99	0	0	3
145	39	0	3.625	101349.177	101347.596	101345.731	101349.177	2.63601161	40.6148037	100	4800.79	0	0	3
146	40	0	3.65	101348.627	101347.634	101345.731	101349.177	2.52730806	40.6148037	100	4839.75	0	0	3
