Iteration	CPUTime	PhysTime	Travels	Value	AvValue	MinValue	MaxValue	Delta	Criteria	Progress	dGMaxMin	CriteriaType	CriteriaVarType	CriteriaPercentage
1	2	0	0.025	0	0	0	0	0	0	0	0	0	0	3
2	2	0	0.05	0.00202321784	0.00101160892	0	0.00202321784	0.00101160892	0	0	0	0	0	3
3	2	0	0.075	6.68525394e-05	0.000696690128	0	0.00202321784	0.00101160892	0	0	0	0	0	3
4	2	0	0.1	0.000111126411	0.000550299198	0	0.00202321784	0.00101160892	0	0	0	0	0	3
5	3	0	0.125	5.72856958e-05	0.000451696498	0	0.00202321784	0.00101160892	0	0	0	0	0	3
6	3	0	0.15	5.81992489e-05	0.000386113623	0	0.00202321784	0.00101160892	0	0	0	0	0	3
7	3	0	0.175	0.000100269578	0.00034527876	0	0.00202321784	0.00101160892	0	0	0	0	0	3
8	3	0	0.2	0.000786349834	0.000400412644	0	0.00202321784	0.00101160892	0	0	0	0	0	3
9	4	0	0.225	0.000589821242	0.000421458044	0	0.00202321784	0.00101160892	0	0	0	0	0	3
10	4	0	0.25	0.00305439022	0.000684751261	0	0.00305439022	0.00101160892	0	0	0	0	0	3
11	4	0	0.275	0.00350945847	0.000941542826	0	0.00350945847	0.00101160892	0	0	0	0	0	3
12	4	0	0.3	0.0175063935	0.00232194705	0	0.0175063935	0.00232194705	0	0	0	0	0	3
13	4	0	0.325	0.036436494	0.00494614297	0	0.036436494	0.00494614297	0	0	0	0	0	3
14	5	0	0.35	0.0694584151	0.00955416241	0	0.0694584151	0.00955416241	0	0	0	0	0	3
15	5	0	0.375	0.0997555679	0.0155675894	0	0.0997555679	0.0155675894	0	0	0	0	0	3
16	5	0	0.4	0.161036228	0.0246593793	0	0.161036228	0.0246593793	0	0	0	0	0	3
17	5	0	0.425	0.276896988	0.0394968857	0	0.276896988	0.0394968857	0	0	0	0	0	3
18	6	0	0.45	0.411215124	0.060147899	0	0.411215124	0.060147899	0	0	0	0	0	3
19	6	0	0.475	0.53479253	0.0851291953	0	0.53479253	0.0851291953	0	0	0	0	0	3
20	6	0	0.5	0.733529191	0.117549195	0	0.733529191	0.117549195	0	0	0	0	0	3
21	6	0	0.525	1.03885772	0.169492081	5.72856958e-05	1.03885772	0.169146802	0	0	0	0	0	3
22	7	0	0.55	1.34171612	0.236476726	5.72856958e-05	1.34171612	0.236131447	0	0	0	0	0	3
23	7	0	0.575	1.46946133	0.30994645	5.72856958e-05	1.46946133	0.309601171	0	0	0	0	0	3
24	7	0	0.6	1.52753677	0.386317732	5.72856958e-05	1.52753677	0.385972453	0	0	0	0	0	3
25	7	0	0.625	1.62827982	0.467728859	5.81992489e-05	1.62827982	0.46738358	0	0	0	0	0	3
26	8	0	0.65	1.74114868	0.554783383	0.000100269578	1.74114868	0.554438104	0	0	0	0	0	3
27	8	0	0.675	1.89638187	0.649597463	0.000589821242	1.89638187	0.649197051	0	0	0	0	0	3
28	8	0	0.7	1.88255204	0.743685748	0.000589821242	1.89638187	0.743264289	0	0	0	0	0	3
29	8	0	0.725	1.88758281	0.838035397	0.00305439022	1.89638187	0.837350645	0	0	0	0	0	3
30	8	0	0.75	1.88050884	0.931908119	0.00350945847	1.89638187	0.930966576	0	0	0	0	0	3
31	10	0	0.775	1.92930543	1.02819792	0.0175063935	1.92930543	1.02587597	0	0	0	0	0	3
32	10	0	0.8	1.92985309	1.12381525	0.036436494	1.92985309	1.11886911	0	0	0	0	0	3
33	10	0	0.825	1.93316382	1.21865162	0.0694584151	1.93316382	1.20909746	0	0	0	0	0	3
34	11	0	0.85	1.92369447	1.31136342	0.0997555679	1.93316382	1.29579583	0	0	0	0	0	3
35	11	0	0.875	1.9800553	1.40537841	0.161036228	1.9800553	1.38071903	0	0	0	0	0	3
36	11	0	0.9	2.07090379	1.50087179	0.276896988	2.07090379	1.4613749	0	0	0	0	0	3
37	11	0	0.925	1.96143541	1.58509871	0.411215124	2.07090379	1.52495081	0	0	0	0	0	3
38	11	0	0.95	1.94235465	1.66165568	0.53479253	2.07090379	1.53611126	0	0	0	0	0	3
39	12	0	0.975	1.99619194	1.73472565	0.733529191	2.07090379	1.3373746	0	0	0	0	0	3
40	12	0	1	1.95755888	1.79592714	1.03885772	2.07090379	1.03204608	0.310626976	30	0	0	0	3
41	12	0	1.025	1.95448263	1.84170838	1.34171612	2.07090379	0.729187674	0.310626976	42.5	0	0	0	3
42	12	0	1.05	1.97878557	1.87356186	1.46946133	2.07090379	0.601442464	0.310626976	51.6	0	0	0	3
43	13	0	1.075	1.94719069	1.89744832	1.52753677	2.07090379	0.543367026	0.310626976	57.1	0	0	0	3
44	13	0	1.1	1.97550453	1.90116529	1.52753677	2.07090379	0.543367026	0.310626976	57.1	0	0	0	3
45	13	0	1.125	1.94518823	1.92105345	1.62827982	2.07090379	0.442623972	0.310626976	70.1	0	0	0	3
46	14	0	1.15	1.98517596	1.93804851	1.74114868	2.07090379	0.32975511	0.310626976	94.1	0	0	0	3
47	14	0	1.175	1.94258473	1.9476407	1.88050884	2.07090379	0.190394954	0.310626976	100	0	0	0	3
48	14	0	1.2	1.95343059	1.9503573	1.88050884	2.07090379	0.190394954	0.310626976	100	0	0	0	3
49	14	0	1.225	1.93010525	1.95262174	1.88050884	2.07090379	0.190394954	0.310626976	100	0	0	0	3
50	14	0	1.25	1.97899858	1.95697487	1.88050884	2.07090379	0.190394954	0.310626976	100	0	0	0	3
51	15	0	1.275	1.95580948	1.96056062	1.92369447	2.07090379	0.147209329	0.310626976	100	0	0	0	3
52	15	0	1.3	1.97791899	1.96287555	1.92369447	2.07090379	0.147209329	0.310626976	100	0	0	0	3
53	15	0	1.325	1.97385639	1.96497095	1.92369447	2.07090379	0.147209329	0.310626976	100	0	0	0	3
54	15	0	1.35	1.96907833	1.96668116	1.92369447	2.07090379	0.147209329	0.310626976	100	0	0	0	3
55	16	0	1.375	1.96426735	1.9686132	1.93010525	2.07090379	0.140798548	0.310626976	100	0	0	0	3
56	16	0	1.4	1.98142315	1.96867834	1.93010525	2.07090379	0.140798548	0.310626976	100	0	0	0	3
57	16	0	1.425	1.97462552	1.96409366	1.93010525	1.99619194	0.066086698	0.310626976	100	0	0	0	3
58	16	0	1.45	1.97256264	1.96462353	1.93010525	1.99619194	0.066086698	0.310626976	100	0	0	0	3
59	16	0	1.475	1.97818855	1.9663299	1.93010525	1.99619194	0.066086698	0.310626976	100	0	0	0	3
60	17	0	1.5	1.98030288	1.96557328	1.93010525	1.98517596	0.0550707151	0.310626976	100	0	0	0	3
61	17	0	1.525	1.96651176	1.96599961	1.93010525	1.98517596	0.0550707151	0.310626976	100	0	0	0	3
62	17	0	1.55	1.99157977	1.96776614	1.93010525	1.99157977	0.0614745236	0.310626976	100	0	0	0	3
63	17	0	1.575	1.97246737	1.96746527	1.93010525	1.99157977	0.0614745236	0.310626976	100	0	0	0	3
64	18	0	1.6	1.96670499	1.96839452	1.93010525	1.99157977	0.0614745236	0.310626976	100	0	0	0	3
65	18	0	1.625	1.9648092	1.96788522	1.93010525	1.99157977	0.0476248864	0.310626976	100	0	0	0	3
66	18	0	1.65	1.96694307	1.96892117	1.93010525	1.99157977	0.0308726621	0.310626976	100	0	0	0	3
67	18	0	1.675	1.97828506	1.96859303	1.93010525	1.99157977	0.0212804696	0.310626976	100	0	0	0	3
68	19	0	1.7	1.97703254	1.9702334	1.93010525	1.99157977	0.019876098	0.310626976	100	0	0	0	3
69	19	0	1.725	2.00707656	1.97278797	1.93010525	2.00707656	0.0201662294	0.310626976	100	0	0	0	3
70	19	0	1.75	1.97316121	1.97483826	1.95580948	2.00707656	0.0178633812	0.310626976	100	0	0	0	3
71	19	0	1.775	1.98686572	1.97521288	1.95580948	2.00707656	0.0146522622	0.310626976	100	0	0	0	3
72	20	0	1.8	1.97916108	1.97632486	1.96426735	2.00707656	0.0134493119	0.310626976	100	0	0	0	3
73	20	0	1.825	1.98612873	1.9767158	1.96426735	2.00707656	0.0126221443	0.310626976	100	0	0	0	3
74	20	0	1.85	1.96819932	1.97644642	1.96426735	2.00707656	0.0126221443	0.310626976	100	0	0	0	3
75	20	0	1.875	1.95581938	1.97581504	1.95581938	2.00707656	0.0126221443	0.310626976	100	0	0	0	3
76	21	0	1.9	1.99061621	1.97706975	1.95581938	2.00707656	0.012976089	0.310626976	100	0	0	0	3
77	21	0	1.925	1.9699755	1.97652462	1.95581938	2.00707656	0.012976089	0.310626976	100	0	0	0	3
78	21	0	1.95	1.99786309	1.97763117	1.95581938	2.00707656	0.0130076461	0.310626976	100	0	0	0	3
79	21	0	1.975	1.99800064	1.97884251	1.95581938	2.00707656	0.0132692249	0.310626976	100	0	0	0	3
80	22	0	2	1.99501043	1.97964355	1.95581938	2.00707656	0.0140702667	0.310626976	100	0	0	0	3
81	22	0	2.025	1.99032307	1.9801207	1.95581938	2.00707656	0.014121091	0.310626976	100	0	0	0	3
82	22	0	2.05	1.98556122	1.98102782	1.95581938	2.00707656	0.0135625442	0.310626976	100	0	0	0	3
83	22	0	2.075	1.95050407	1.97907183	1.95050407	2.00707656	0.0135625442	0.310626976	100	0	0	0	3
84	23	0	2.1	1.97562667	1.97922227	1.95050407	2.00707656	0.0131425934	0.310626976	100	0	0	0	3
85	23	0	2.125	1.99567899	1.98060199	1.95050407	2.00707656	0.0131425934	0.310626976	100	0	0	0	3
86	23	0	2.15	1.96764218	1.98073689	1.95050407	2.00707656	0.0124347866	0.310626976	100	0	0	0	3
87	23	0	2.175	2.00133453	1.98237458	1.95050407	2.00707656	0.0137815507	0.310626976	100	0	0	0	3
88	24	0	2.2	1.9921118	1.983033	1.95050407	2.00707656	0.012799595	0.310626976	100	0	0	0	3
89	24	0	2.225	1.96107687	1.9822732	1.95050407	2.00707656	0.0102450251	0.310626976	100	0	0	0	3
90	24	0	2.25	1.98346853	1.98114901	1.95050407	2.00133453	0.00819474097	0.310626976	100	0	0	0	3
91	24	0	2.275	1.96851248	1.98092764	1.95050407	2.00133453	0.0078201154	0.310626976	100	0	0	0	3
92	25	0	2.3	1.99030332	1.98109134	1.95050407	2.00133453	0.00721795717	0.310626976	100	0	0	0	3
93	25	0	2.325	1.94736192	1.97957709	1.94736192	2.00133453	0.00721795717	0.310626976	100	0	0	0	3
94	25	0	2.35	1.97996898	1.97928377	1.94736192	2.00133453	0.00721795717	0.310626976	100	0	0	0	3
95	26	0	2.375	2.00373608	1.980976	1.94736192	2.00373608	0.00721795717	0.310626976	100	0	0	0	3
96	26	0	2.4	1.98771205	1.9824947	1.94736192	2.00373608	0.00650837552	0.310626976	100	0	0	0	3
97	26	0	2.425	2.01701675	1.98375187	1.94736192	2.01701675	0.00722724391	0.310626976	100	0	0	0	3
98	27	0	2.45	2.0087739	1.98559941	1.94736192	2.01701675	0.00796823577	0.310626976	100	0	0	0	3
99	27	0	2.475	1.99714685	1.9855653	1.94736192	2.01701675	0.00675690244	0.310626976	100	0	0	0	3
100	27	0	2.5	1.99124068	1.9852434	1.94736192	2.01701675	0.00652757755	0.310626976	100	0	0	0	3
101	27	0	2.525	1.96711004	1.98391481	1.94736192	2.01701675	0.00652757755	0.310626976	100	0	0	0	3
102	28	0	2.55	1.99932218	1.98434334	1.94736192	2.01701675	0.00652757755	0.310626976	100	0	0	0	3
103	28	0	2.575	1.96359495	1.98329732	1.94736192	2.01701675	0.00652757755	0.310626976	100	0	0	0	3
104	28	0	2.6	2.02762705	1.98696985	1.94736192	2.02762705	0.00774757442	0.310626976	100	0	0	0	3
105	29	0	2.625	2.01910233	1.98904012	1.94736192	2.02762705	0.00975634591	0.310626976	100	0	0	0	3
106	29	0	2.65	1.98659683	1.98860763	1.94736192	2.02762705	0.00975634591	0.310626976	100	0	0	0	3
107	29	0	2.675	2.01622761	1.99092123	1.94736192	2.02762705	0.011637454	0.310626976	100	0	0	0	3
108	29	0	2.7	1.99295501	1.9905222	1.94736192	2.02762705	0.011637454	0.310626976	100	0	0	0	3
109	30	0	2.725	1.96406919	1.98918684	1.94736192	2.02762705	0.011637454	0.310626976	100	0	0	0	3
110	30	0	2.75	2.00610557	1.99133106	1.94736192	2.02762705	0.012047291	0.310626976	100	0	0	0	3
111	30	0	2.775	1.97710062	1.99102783	1.94736192	2.02762705	0.012047291	0.310626976	100	0	0	0	3
112	30	0	2.8	2.0120279	1.99309999	1.94736192	2.02762705	0.0138162198	0.310626976	100	0	0	0	3
113	31	0	2.825	2.01868816	1.99445165	1.94736192	2.02762705	0.0151678788	0.310626976	100	0	0	0	3
114	31	0	2.85	1.99328051	1.99663825	1.96359495	2.02762705	0.0173544782	0.310626976	100	0	0	0	3
115	31	0	2.875	2.00790006	1.9979683	1.96359495	2.02762705	0.0169923035	0.310626976	100	0	0	0	3
116	31	0	2.9	2.0069316	1.99812047	1.96359495	2.02762705	0.0156257725	0.310626976	100	0	0	0	3
117	32	0	2.925	2.0295498	2.00011274	1.96359495	2.0295498	0.0168154177	0.310626976	100	0	0	0	3
118	32	0	2.95	2.00590491	1.99958361	1.96359495	2.0295498	0.0168154177	0.310626976	100	0	0	0	3
119	32	0	2.975	1.96811527	1.99764748	1.96359495	2.0295498	0.0168154177	0.310626976	100	0	0	0	3
120	32	0	3	1.99512503	1.9975512	1.96359495	2.0295498	0.0168154177	0.310626976	100	0	0	0	3
121	33	0	3.025	2.02049655	1.99894434	1.96359495	2.0295498	0.0168154177	0.310626976	100	0	0	0	3
122	33	0	3.05	2.01743955	2.00134099	1.96359495	2.0295498	0.0180436603	0.310626976	100	0	0	0	3
123	33	0	3.075	2.02487761	2.00255791	1.96359495	2.0295498	0.0192605855	0.310626976	100	0	0	0	3
124	34	0	3.1	2.00485171	2.00452252	1.96406919	2.0295498	0.0175526702	0.310626976	100	0	0	0	3
125	34	0	3.125	2.00843687	2.0036087	1.96406919	2.0295498	0.0159148847	0.310626976	100	0	0	0	3
126	34	0	3.15	2.0026848	2.00282691	1.96406919	2.0295498	0.0159148847	0.310626976	100	0	0	0	3
127	34	0	3.175	1.98441428	2.00272298	1.96406919	2.0295498	0.0153356797	0.310626976	100	0	0	0	3
128	35	0	3.2	2.03351298	2.0035461	1.96406919	2.03351298	0.0153356797	0.310626976	100	0	0	0	3
129	35	0	3.225	2.02636216	2.00513691	1.96406919	2.03351298	0.0159500733	0.310626976	100	0	0	0	3
130	35	0	3.25	2.03025941	2.00828883	1.96811527	2.03351298	0.0172609982	0.310626976	100	0	0	0	3
131	36	0	3.275	2.03038117	2.00944481	1.96811527	2.03351298	0.0184169792	0.310626976	100	0	0	0	3
132	36	0	3.3	2.04458353	2.01265828	1.96811527	2.04458353	0.0195582883	0.310626976	100	0	0	0	3
133	36	0	3.325	2.01174474	2.0126448	1.96811527	2.04458353	0.0182066294	0.310626976	100	0	0	0	3
134	36	0	3.35	2.02967582	2.01316802	1.96811527	2.04458353	0.0165297681	0.310626976	100	0	0	0	3
135	37	0	3.375	1.98866088	2.01294804	1.96811527	2.04458353	0.0156168128	0.310626976	100	0	0	0	3
136	37	0	3.4	2.07687625	2.01623262	1.96811527	2.07687625	0.0186814106	0.310626976	100	0	0	0	3
137	37	0	3.425	2.03547764	2.01759195	1.96811527	2.07687625	0.0200407457	0.310626976	100	0	0	0	3
138	37	0	3.45	2.02785596	2.01751129	1.96811527	2.07687625	0.0200407457	0.310626976	100	0	0	0	3
139	38	0	3.475	2.02997008	2.01865725	1.96811527	2.07687625	0.0211060472	0.310626976	100	0	0	0	3
140	38	0	3.5	2.05322814	2.02271025	1.98441428	2.07687625	0.0251590411	0.310626976	100	0	0	0	3
141	38	0	3.525	2.00057747	2.02296989	1.98441428	2.07687625	0.0240255444	0.310626976	100	0	0	0	3
142	39	0	3.55	2.01146757	2.02253993	1.98441428	2.07687625	0.021628901	0.310626976	100	0	0	0	3
143	39	0	3.575	2.03730275	2.0234858	1.98441428	2.07687625	0.0209278907	0.310626976	100	0	0	0	3
144	39	0	3.6	2.05044646	2.02470337	1.98441428	2.07687625	0.0219803833	0.310626976	100	0	0	0	3
145	39	0	3.625	2.04110116	2.02642953	1.98441428	2.07687625	0.0237065472	0.310626976	100	0	0	0	3
146	40	0	3.65	2.03273241	2.02758646	1.98441428	2.07687625	0.0248634776	0.310626976	100	0	0	0	3
