Iteration	CPUTime	PhysTime	Travels	Value	AvValue	MinValue	MaxValue	Delta	Criteria	Progress	dGMaxMin	CriteriaType	CriteriaVarType	CriteriaPercentage
1	2	0	0.025	-0.513059343	-0.513059343	-0.513059343	-0.513059343	0	0	0	0	0	0	3
2	2	0	0.05	0.69262192	0.0897812884	-0.513059343	0.69262192	0.602840631	0	0	0	0	0	3
3	2	0	0.075	0.192821655	0.124128077	-0.513059343	0.69262192	0.63718742	0	0	0	0	0	3
4	2	0	0.1	-0.06246152	0.0774806779	-0.513059343	0.69262192	0.63718742	0	0	0	0	0	3
5	3	0	0.125	-0.103594332	0.0412656759	-0.513059343	0.69262192	0.63718742	0	0	0	0	0	3
6	3	0	0.15	-0.0957078983	0.0184367469	-0.513059343	0.69262192	0.63718742	0	0	0	0	0	3
7	3	0	0.175	-0.14470628	-0.00486939975	-0.513059343	0.69262192	0.63718742	0	0	0	0	0	3
8	3	0	0.2	-0.0175812774	-0.00645838446	-0.513059343	0.69262192	0.63718742	0	0	0	0	0	3
9	4	0	0.225	-0.0590501657	-0.0123019157	-0.513059343	0.69262192	0.63718742	0	0	0	0	0	3
10	4	0	0.25	-0.0321670276	-0.0142884269	-0.513059343	0.69262192	0.63718742	0	0	0	0	0	3
11	4	0	0.275	-0.506115203	-0.058999952	-0.513059343	0.69262192	0.63718742	0	0	0	0	0	3
12	4	0	0.3	-1.37367728	-0.168556396	-1.37367728	0.69262192	0.63718742	0	0	0	0	0	3
13	4	0	0.325	-4.2395014	-0.481706011	-4.2395014	0.69262192	0.63718742	0	0	0	0	0	3
14	5	0	0.35	-9.0669656	-1.09493884	-9.0669656	0.69262192	1.21906692	0	0	0	0	0	3
15	5	0	0.375	-15.5557112	-2.05899033	-15.5557112	0.69262192	2.18311841	0	0	0	0	0	3
16	5	0	0.4	-22.4214032	-3.33164114	-22.4214032	0.69262192	3.45576921	0	0	0	0	0	3
17	5	0	0.425	-31.7527134	-5.00346892	-31.7527134	0.69262192	5.12759699	0	0	0	0	0	3
18	6	0	0.45	-42.8235909	-7.1045868	-42.8235909	0.69262192	7.22871488	0	0	0	0	0	3
19	6	0	0.475	-53.3462425	-9.53835816	-53.3462425	0.69262192	9.66248623	0	0	0	0	0	3
20	6	0	0.5	-62.272611	-12.1750708	-62.272611	0.69262192	12.2991989	0	0	0	0	0	3
21	6	0	0.525	-67.4411426	-15.521475	-67.4411426	0.69262192	15.645603	0	0	0	0	0	3
22	7	0	0.55	-72.5436214	-19.1832871	-72.5436214	0.192821655	19.3074152	0	0	0	0	0	3
23	7	0	0.575	-77.5566036	-23.0707584	-77.5566036	-0.0175812774	23.1482391	0	0	0	0	0	3
24	7	0	0.6	-82.0432625	-27.1697984	-82.0432625	-0.0175812774	27.2110641	0	0	0	0	0	3
25	7	0	0.625	-85.2691194	-31.4280747	-85.2691194	-0.0175812774	31.4465114	0	0	0	0	0	3
26	8	0	0.65	-86.8822369	-35.7674011	-86.8822369	-0.0175812774	35.7625317	0	0	0	0	0	3
27	8	0	0.675	-87.2398389	-40.1221578	-87.2398389	-0.0175812774	40.1156994	0	0	0	0	0	3
28	8	0	0.7	-88.1981177	-44.5311846	-88.1981177	-0.0321670276	44.5188827	0	0	0	0	0	3
29	8	0	0.725	-88.1845301	-48.9374586	-88.1981177	-0.0321670276	48.9231702	0	0	0	0	0	3
30	8	0	0.75	-88.7668124	-53.3741909	-88.7668124	-0.506115203	53.3151909	0	0	0	0	0	3
31	10	0	0.775	-88.6925233	-57.7835113	-88.7668124	-1.37367728	57.6149549	0	0	0	0	0	3
32	10	0	0.8	-88.0906556	-62.1193602	-88.7668124	-4.2395014	61.6376542	0	0	0	0	0	3
33	10	0	0.825	-88.5278333	-66.3337768	-88.7668124	-9.0669656	65.2388379	0	0	0	0	0	3
34	11	0	0.85	-88.7228728	-70.3165721	-88.7668124	-15.5557112	68.2575818	0	0	0	0	0	3
35	11	0	0.875	-88.2103821	-73.9493057	-88.7668124	-22.4214032	66.3454092	0	0	0	0	0	3
36	11	0	0.9	-88.5448409	-77.2554776	-88.7668124	-31.7527134	57.014099	0	0	0	0	0	3
37	11	0	0.925	-88.7820274	-80.1069433	-88.7820274	-42.8235909	45.9584365	0	0	0	0	0	3
38	11	0	0.95	-88.3817185	-82.3848496	-88.7820274	-53.3462425	35.4357848	0	0	0	0	0	3
39	12	0	0.975	-88.4712847	-84.1411018	-88.7820274	-62.272611	26.5094163	0	0	0	0	0	3
40	12	0	1	-88.7124507	-85.4630937	-88.7820274	-67.4411426	21.3408848	13.3462274	62.5	0	0	0	3
41	12	0	1.025	-88.7027671	-86.526175	-88.7820274	-72.5436214	16.2384059	13.3462274	82.1	0	0	0	3
42	12	0	1.05	-88.3498007	-87.3164839	-88.7820274	-77.5566036	11.2254238	13.3462274	100	0	0	0	3
43	13	0	1.075	-88.6979966	-87.8735536	-88.7820274	-82.0432625	6.73876486	13.3462274	100	0	0	0	3
44	13	0	1.1	-88.97142	-87.9258329	-88.97142	-82.0432625	6.92815752	13.3462274	100	0	0	0	3
45	13	0	1.125	-89.0781587	-88.260828	-89.0781587	-85.2691194	3.80903927	13.3462274	100	0	0	0	3
46	14	0	1.15	-88.9788357	-88.4374811	-89.0781587	-86.8822369	2.19592184	13.3462274	100	0	0	0	3
47	14	0	1.175	-89.077998	-88.5420412	-89.0781587	-87.2398389	1.83831976	13.3467796	100	0	0	0	3
48	14	0	1.2	-89.1292177	-88.6320116	-89.1292177	-88.0906556	1.03856207	13.3492753	100	0	0	0	3
49	14	0	1.225	-89.3932548	-88.6889229	-89.3932548	-88.0906556	1.30259917	13.355374	100	0	0	0	3
50	14	0	1.25	-89.0779473	-88.7314666	-89.3932548	-88.0906556	1.30259917	13.3602529	100	0	0	0	3
51	15	0	1.275	-89.186877	-88.7514697	-89.3932548	-88.0906556	1.30259917	13.3577818	100	0	0	0	3
52	15	0	1.3	-89.3525341	-88.7828987	-89.3932548	-88.0906556	1.30259917	13.3462274	100	0	0	0	3
53	15	0	1.325	-89.3785641	-88.8442277	-89.3932548	-88.2103821	1.1828727	13.3462274	100	0	0	0	3
54	15	0	1.35	-89.6635907	-88.8983114	-89.6635907	-88.2103821	1.45320863	13.3462274	100	0	0	0	3
55	16	0	1.375	-89.6568003	-88.9427841	-89.6635907	-88.2103821	1.45320863	13.3462274	100	0	0	0	3
56	16	0	1.4	-89.8517859	-89.0209462	-89.8517859	-88.3498007	1.50198521	13.3462274	100	0	0	0	3
57	16	0	1.425	-89.7668315	-89.0791363	-89.8517859	-88.3498007	1.50198521	13.3462274	100	0	0	0	3
58	16	0	1.45	-89.6539869	-89.1206581	-89.8517859	-88.3498007	1.50198521	13.3462274	100	0	0	0	3
59	16	0	1.475	-89.468049	-89.1723882	-89.8517859	-88.3498007	1.50198521	13.3462274	100	0	0	0	3
60	17	0	1.5	-89.5096087	-89.2218322	-89.8517859	-88.3498007	1.50198521	13.3462274	100	0	0	0	3
61	17	0	1.525	-89.4333141	-89.256159	-89.8517859	-88.3498007	1.50198521	13.3462274	100	0	0	0	3
62	17	0	1.55	-89.6109676	-89.2994066	-89.8517859	-88.3498007	1.50198521	13.3462274	100	0	0	0	3
63	17	0	1.575	-89.6745232	-89.3624887	-89.8517859	-88.6979966	1.15378927	13.3462274	100	0	0	0	3
64	18	0	1.6	-89.5061397	-89.4009717	-89.8517859	-88.97142	0.880365884	13.3462274	100	0	0	0	3
65	18	0	1.625	-89.6985768	-89.4355982	-89.8517859	-88.9788357	0.872950253	13.3462274	100	0	0	0	3
66	18	0	1.65	-89.5015079	-89.4557577	-89.8517859	-88.9788357	0.872950253	13.3462274	100	0	0	0	3
67	18	0	1.675	-89.5286055	-89.4819372	-89.8517859	-89.0779473	0.773838631	13.3462274	100	0	0	0	3
68	19	0	1.7	-89.6106362	-89.5073009	-89.8517859	-89.0779473	0.773838631	13.3462274	100	0	0	0	3
69	19	0	1.725	-89.6935529	-89.534174	-89.8517859	-89.0779473	0.773838631	13.3462274	100	0	0	0	3
70	19	0	1.75	-89.8500864	-89.5559279	-89.8517859	-89.0779473	0.773838631	13.3462274	100	0	0	0	3
71	19	0	1.775	-90.0494566	-89.6021902	-90.0494566	-89.186877	0.850720591	13.3462274	100	0	0	0	3
72	20	0	1.8	-89.9691167	-89.6394398	-90.0494566	-89.3525341	0.696922562	13.3462274	100	0	0	0	3
73	20	0	1.825	-89.8015992	-89.6608238	-90.0494566	-89.3785641	0.670892588	13.3462274	100	0	0	0	3
74	20	0	1.85	-89.6336295	-89.6729698	-90.0494566	-89.4333141	0.616142499	13.3462274	100	0	0	0	3
75	20	0	1.875	-89.8237757	-89.6805976	-90.0494566	-89.4333141	0.616142499	13.3462274	100	0	0	0	3
76	21	0	1.9	-89.9024823	-89.6922968	-90.0494566	-89.4333141	0.616142499	13.3462274	100	0	0	0	3
77	21	0	1.925	-90.0638823	-89.7023966	-90.0638823	-89.4333141	0.623260346	13.3462274	100	0	0	0	3
78	21	0	1.95	-90.0618801	-89.7164465	-90.0638823	-89.4333141	0.595788395	13.3462274	100	0	0	0	3
79	21	0	1.975	-90.0922522	-89.7373163	-90.0922522	-89.4333141	0.564928148	13.3462274	100	0	0	0	3
80	22	0	2	-90.1708308	-89.7707821	-90.1708308	-89.4333141	0.548949944	13.3462274	100	0	0	0	3
81	22	0	2.025	-89.9019426	-89.7894647	-90.1708308	-89.4333141	0.533305685	13.3462274	100	0	0	0	3
82	22	0	2.05	-90.0185888	-89.8173349	-90.1708308	-89.5015079	0.517928261	13.3462274	100	0	0	0	3
83	22	0	2.075	-90.1722096	-89.8440607	-90.1722096	-89.5015079	0.481572046	13.3462274	100	0	0	0	3
84	23	0	2.1	-90.21132	-89.8696225	-90.21132	-89.5015079	0.468650792	13.3462274	100	0	0	0	3
85	23	0	2.125	-90.203443	-89.9028274	-90.21132	-89.5015079	0.467229203	13.3462274	100	0	0	0	3
86	23	0	2.15	-90.0685063	-89.9204431	-90.21132	-89.5015079	0.464685408	13.3462274	100	0	0	0	3
87	23	0	2.175	-90.0750096	-89.9477527	-90.21132	-89.5286055	0.465815499	13.3462274	100	0	0	0	3
88	24	0	2.2	-90.2163	-89.9805	-90.2163	-89.6106362	0.473199131	13.3462274	100	0	0	0	3
89	24	0	2.225	-90.2858449	-90.0126528	-90.2858449	-89.6336295	0.478478822	13.3462274	100	0	0	0	3
90	24	0	2.25	-90.1840808	-90.0360113	-90.2858449	-89.6336295	0.480083405	13.3462274	100	0	0	0	3
91	24	0	2.275	-89.979766	-90.0421865	-90.2858449	-89.6336295	0.439996273	13.3462274	100	0	0	0	3
92	25	0	2.3	-89.8493747	-90.0326588	-90.2858449	-89.6336295	0.402746762	13.3462274	100	0	0	0	3
93	25	0	2.325	-90.2887478	-90.0478793	-90.2887478	-89.6336295	0.387055524	13.3462274	100	0	0	0	3
94	25	0	2.35	-90.2943006	-90.0713413	-90.2943006	-89.6336295	0.398371522	13.3462274	100	0	0	0	3
95	26	0	2.375	-90.3451088	-90.1052213	-90.3451088	-89.8237757	0.424623637	13.3462274	100	0	0	0	3
96	26	0	2.4	-90.4482529	-90.1349583	-90.4482529	-89.8493747	0.442661507	13.3462274	100	0	0	0	3
97	26	0	2.425	-90.3516464	-90.156347	-90.4482529	-89.8493747	0.453950445	13.3462274	100	0	0	0	3
98	27	0	2.45	-90.3961327	-90.1721685	-90.4482529	-89.8493747	0.455721965	13.3462274	100	0	0	0	3
99	27	0	2.475	-90.510424	-90.1935277	-90.510424	-89.8493747	0.45621142	13.3462274	100	0	0	0	3
100	27	0	2.5	-90.5536095	-90.2154971	-90.5536095	-89.8493747	0.444715018	13.3462274	100	0	0	0	3
101	27	0	2.525	-90.4735762	-90.2299136	-90.5536095	-89.8493747	0.4404489	13.3462274	100	0	0	0	3
102	28	0	2.55	-90.4756391	-90.2572325	-90.5536095	-89.8493747	0.439897557	13.3462274	100	0	0	0	3
103	28	0	2.575	-90.5576832	-90.2829036	-90.5576832	-89.8493747	0.43884291	13.3462274	100	0	0	0	3
104	28	0	2.6	-90.7332944	-90.3096219	-90.7332944	-89.8493747	0.439999485	13.3462274	100	0	0	0	3
105	29	0	2.625	-90.9288121	-90.3437882	-90.9288121	-89.8493747	0.440960855	13.3462274	100	0	0	0	3
106	29	0	2.65	-90.8169964	-90.3730051	-90.9288121	-89.8493747	0.45256199	13.3462274	100	0	0	0	3
107	29	0	2.675	-90.8207907	-90.4088281	-90.9288121	-89.8493747	0.461075454	13.3462274	100	0	0	0	3
108	29	0	2.7	-91.0754004	-90.4564658	-91.0754004	-89.8493747	0.475965755	13.3462274	100	0	0	0	3
109	30	0	2.725	-91.0458084	-90.4959662	-91.0754004	-89.8493747	0.483313361	13.3462274	100	0	0	0	3
110	30	0	2.75	-90.9753174	-90.5287982	-91.0754004	-89.8493747	0.496139408	13.3462274	100	0	0	0	3
111	30	0	2.775	-91.0671246	-90.5708479	-91.0754004	-89.8493747	0.538189117	13.3462274	100	0	0	0	3
112	30	0	2.8	-90.9223458	-90.6157327	-91.0754004	-89.8493747	0.583073865	13.3462274	100	0	0	0	3
113	31	0	2.825	-90.9565036	-90.6684531	-91.0754004	-90.2887478	0.620573763	13.3462274	100	0	0	0	3
114	31	0	2.85	-91.1193916	-90.7080076	-91.1193916	-90.2943006	0.63666626	13.3462274	100	0	0	0	3
115	31	0	2.875	-91.0939999	-90.7460885	-91.1193916	-90.3451088	0.640867208	13.3462274	100	0	0	0	3
116	31	0	2.9	-91.0630512	-90.7802762	-91.1193916	-90.3516464	0.645317929	13.3462274	100	0	0	0	3
117	32	0	2.925	-91.103567	-90.8114816	-91.1193916	-90.3516464	0.655134597	13.3462274	100	0	0	0	3
118	32	0	2.95	-91.2502237	-90.854271	-91.2502237	-90.3961327	0.682102544	13.3462274	100	0	0	0	3
119	32	0	2.975	-91.2456472	-90.8947241	-91.2502237	-90.4735762	0.70119638	13.3462274	100	0	0	0	3
120	32	0	3	-91.332025	-90.933848	-91.332025	-90.4735762	0.718350844	13.3462274	100	0	0	0	3
121	33	0	3.025	-91.5487135	-90.9812339	-91.5487135	-90.4735762	0.7513203	13.3462274	100	0	0	0	3
122	33	0	3.05	-91.5963057	-91.0346972	-91.5963057	-90.4756391	0.77746473	13.3462274	100	0	0	0	3
123	33	0	3.075	-91.4527479	-91.0812262	-91.5963057	-90.5576832	0.79832256	13.3462274	100	0	0	0	3
124	34	0	3.1	-91.5120032	-91.12667	-91.5963057	-90.7332944	0.817048043	13.3462274	100	0	0	0	3
125	34	0	3.125	-91.4890606	-91.1626588	-91.5963057	-90.8169964	0.779309304	13.3462274	100	0	0	0	3
126	34	0	3.15	-91.3946917	-91.1848436	-91.5963057	-90.8169964	0.779309304	13.3462274	100	0	0	0	3
127	34	0	3.175	-91.3344086	-91.2094823	-91.5963057	-90.8207907	0.775514946	13.3462274	100	0	0	0	3
128	35	0	3.2	-91.540514	-91.2437548	-91.5963057	-90.9223458	0.673959924	13.3462274	100	0	0	0	3
129	35	0	3.225	-91.6269298	-91.2700181	-91.6269298	-90.9223458	0.704584019	13.3462274	100	0	0	0	3
130	35	0	3.25	-91.6885406	-91.3006244	-91.6885406	-90.9223458	0.766194818	13.3462274	100	0	0	0	3
131	36	0	3.275	-91.5496343	-91.3279728	-91.6885406	-90.9223458	0.757124904	13.3462274	100	0	0	0	3
132	36	0	3.3	-91.5799407	-91.3523926	-91.6885406	-90.9223458	0.73665997	13.3462274	100	0	0	0	3
133	36	0	3.325	-91.6006254	-91.3846917	-91.6885406	-90.9565036	0.716238575	13.3462274	100	0	0	0	3
134	36	0	3.35	-91.9604027	-91.4324964	-91.9604027	-91.0630512	0.724488827	13.3462274	100	0	0	0	3
135	37	0	3.375	-91.8686463	-91.4681752	-91.9604027	-91.0630512	0.722086707	13.3462274	100	0	0	0	3
136	37	0	3.4	-91.9697011	-91.5098752	-91.9697011	-91.0630512	0.729599031	13.3462274	100	0	0	0	3
137	37	0	3.425	-91.9365357	-91.5514697	-91.9697011	-91.103567	0.739988098	13.3462274	100	0	0	0	3
138	37	0	3.45	-91.986357	-91.5935074	-91.986357	-91.2456472	0.739236322	13.3462274	100	0	0	0	3
139	38	0	3.475	-91.5428721	-91.607443	-91.986357	-91.2456472	0.712718892	13.3462274	100	0	0	0	3
140	38	0	3.5	-91.7256881	-91.6303021	-91.986357	-91.332025	0.654332036	13.3462274	100	0	0	0	3
141	38	0	3.525	-91.8650431	-91.6556839	-91.986357	-91.3344086	0.651948453	13.3462274	100	0	0	0	3
142	39	0	3.55	-92.0478748	-91.6794535	-92.0478748	-91.3344086	0.644756312	13.3462274	100	0	0	0	3
143	39	0	3.575	-91.9509974	-91.6963436	-92.0478748	-91.3344086	0.615117399	13.3462274	100	0	0	0	3
144	39	0	3.6	-91.9695336	-91.7209524	-92.0478748	-91.3344086	0.594282432	13.3462274	100	0	0	0	3
145	39	0	3.625	-92.0186548	-91.7450787	-92.0478748	-91.3344086	0.582419835	13.3462274	100	0	0	0	3
146	40	0	3.65	-92.379134	-91.7874631	-92.379134	-91.3344086	0.602619536	13.3462274	100	0	0	0	3
