Iteration	CPUTime	PhysTime	Travels	Value	AvValue	MinValue	MaxValue	Delta	Criteria	Progress	dGMaxMin	CriteriaType	CriteriaVarType	CriteriaPercentage
1	2	0	0.025	0	0	0	0	0	0	0	0	0	0	3
2	2	0	0.05	6.36109396e-05	3.18054698e-05	0	6.36109396e-05	3.18054698e-05	0	0	0	0	0	3
3	2	0	0.075	-9.3589124e-07	2.08916828e-05	-9.3589124e-07	6.36109396e-05	3.18054698e-05	0	0	0	0	0	3
4	2	0	0.1	-3.68430243e-06	1.47476865e-05	-3.68430243e-06	6.36109396e-05	3.18054698e-05	0	0	0	0	0	3
5	3	0	0.125	-4.92404656e-07	1.16996683e-05	-3.68430243e-06	6.36109396e-05	3.18054698e-05	0	0	0	0	0	3
6	3	0	0.15	-1.51463493e-08	9.74719916e-06	-3.68430243e-06	6.36109396e-05	3.18054698e-05	0	0	0	0	0	3
7	3	0	0.175	-4.03071935e-06	7.77892509e-06	-4.03071935e-06	6.36109396e-05	3.18054698e-05	0	0	0	0	0	3
8	3	0	0.2	-3.51899277e-05	2.40781849e-06	-3.51899277e-05	6.36109396e-05	3.18054698e-05	0	0	0	0	0	3
9	4	0	0.225	-1.8195616e-05	1.18547997e-07	-3.51899277e-05	6.36109396e-05	3.18054698e-05	0	0	0	0	0	3
10	4	0	0.25	-3.51454577e-05	-3.40785258e-06	-3.51899277e-05	6.36109396e-05	3.52133224e-05	0	0	0	0	0	3
11	4	0	0.275	-0.000107753164	-1.289379e-05	-0.000107753164	6.36109396e-05	4.46992598e-05	0	0	0	0	0	3
12	4	0	0.3	-0.000502268474	-5.36750136e-05	-0.000502268474	6.36109396e-05	8.54804834e-05	0	0	0	0	0	3
13	4	0	0.325	-0.00131730406	-0.000150877248	-0.00131730406	6.36109396e-05	0.000182682718	0	0	0	0	0	3
14	5	0	0.35	-0.00186350039	-0.000273207472	-0.00186350039	6.36109396e-05	0.000305012942	0	0	0	0	0	3
15	5	0	0.375	-0.00233669499	-0.000410773306	-0.00233669499	6.36109396e-05	0.000442578776	0	0	0	0	0	3
16	5	0	0.4	-0.00320777109	-0.000585585668	-0.00320777109	6.36109396e-05	0.000617391138	0	0	0	0	0	3
17	5	0	0.425	-0.00583230971	-0.000894216494	-0.00583230971	6.36109396e-05	0.000926021964	0	0	0	0	0	3
18	6	0	0.45	-0.00678614555	-0.00122154589	-0.00678614555	6.36109396e-05	0.00125335136	0	0	0	0	0	3
19	6	0	0.475	-0.00688161354	-0.00151944418	-0.00688161354	6.36109396e-05	0.00155124965	0	0	0	0	0	3
20	6	0	0.5	-0.00707984145	-0.00179746405	-0.00707984145	6.36109396e-05	0.00182926952	0	0	0	0	0	3
21	6	0	0.525	-0.00828509462	-0.00221171878	-0.00828509462	6.36109396e-05	0.00224352425	0	0	0	0	0	3
22	7	0	0.55	-0.00694129803	-0.00256196423	-0.00828509462	-1.51463493e-08	0.00258285591	0	0	0	0	0	3
23	7	0	0.575	-0.00442021668	-0.00278292827	-0.00828509462	-1.51463493e-08	0.00279767595	0	0	0	0	0	3
24	7	0	0.6	-0.00310203257	-0.00293784568	-0.00828509462	-1.51463493e-08	0.00294954535	0	0	0	0	0	3
25	7	0	0.625	0.000136149893	-0.00293101356	-0.00828509462	0.000136149893	0.00294759288	0	0	0	0	0	3
26	8	0	0.65	-0.00026574378	-0.0029443	-0.00828509462	0.000136149893	0.00295207892	0	0	0	0	0	3
27	8	0	0.675	0.00239387573	-0.00282440467	-0.00828509462	0.00239387573	0.00294670781	0	0	0	0	0	3
28	8	0	0.7	-0.000156336103	-0.00283046198	-0.00828509462	0.00239387573	0.00294441854	0	0	0	0	0	3
29	8	0	0.725	0.00222666163	-0.00271821912	-0.00828509462	0.00239387573	0.00294089214	0	0	0	0	0	3
30	8	0	0.75	-0.00093313972	-0.00276311883	-0.00828509462	0.00239387573	0.00293140621	0	0	0	0	0	3
31	10	0	0.775	0.00262542306	-0.00262646002	-0.00828509462	0.00262542306	0.00289062498	0	0	0	0	0	3
32	10	0	0.8	-0.000997988631	-0.00265124603	-0.00828509462	0.00262542306	0.00279342275	0	0	0	0	0	3
33	10	0	0.825	0.00234152891	-0.00246830438	-0.00828509462	0.00262542306	0.00267109252	0	0	0	0	0	3
34	11	0	0.85	0.00100454043	-0.00232490234	-0.00828509462	0.00262542306	0.00253352669	0	0	0	0	0	3
35	11	0	0.875	0.00129742021	-0.00214319658	-0.00828509462	0.00262542306	0.00235871433	0	0	0	0	0	3
36	11	0	0.9	0.00514391556	-0.00172561225	-0.00828509462	0.00514391556	0.0020500835	0	0	0	0	0	3
37	11	0	0.925	0.0019912288	-0.00133443532	-0.00828509462	0.00514391556	0.00172275411	0	0	0	0	0	3
38	11	0	0.95	0.000782852393	-0.000955985425	-0.00828509462	0.00514391556	0.00198831457	0	0	0	0	0	3
39	12	0	0.975	0.00285603914	-0.000469102791	-0.00828509462	0.00514391556	0.0024751972	0	0	0	0	0	3
40	12	0	1	0.00172035878	-2.90927796e-05	-0.00828509462	0.00514391556	0.00291520722	0.00201435153	69	0	0	0	3
41	12	0	1.025	0.0019572757	0.000483025736	-0.00694129803	0.00514391556	0.00342732573	0.00201435153	58.7	0	0	0	3
42	12	0	1.05	0.000627521324	0.000861466704	-0.00442021668	0.00514391556	0.0038057667	0.00201435153	52.9	0	0	0	3
43	13	0	1.075	0.00239881026	0.00120241805	-0.00310203257	0.00514391556	0.00414671805	0.00201435153	48.5	0	0	0	3
44	13	0	1.1	-0.00323601689	0.000991064006	-0.00323601689	0.00514391556	0.00414671805	0.00201435153	48.5	0	0	0	3
45	13	0	1.125	0.00339537514	0.00130046437	-0.00323601689	0.00514391556	0.00424476437	0.00201435153	47.4	0	0	0	3
46	14	0	1.15	-0.00154004227	0.0012206457	-0.00323601689	0.00514391556	0.00424476437	0.00201435153	47.4	0	0	0	3
47	14	0	1.175	0.000628457604	0.00126322672	-0.00323601689	0.00514391556	0.00413092635	0.00201435153	48.7	0	0	0	3
48	14	0	1.2	-0.00244281318	0.0010329082	-0.00323601689	0.00514391556	0.00413092635	0.00201435153	48.7	0	0	0	3
49	14	0	1.225	0.00340281278	0.00120239148	-0.00323601689	0.00514391556	0.00406358321	0.00201435153	49.5	0	0	0	3
50	14	0	1.25	-0.0023220502	0.000985786153	-0.00323601689	0.00514391556	0.00406358321	0.00201435153	49.5	0	0	0	3
51	15	0	1.275	0.00268167678	0.00115792027	-0.00323601689	0.00514391556	0.0039517104	0.00201435153	50.9	0	0	0	3
52	15	0	1.3	-0.00296268374	0.000891819948	-0.00323601689	0.00514391556	0.0039517104	0.00201435153	50.9	0	0	0	3
53	15	0	1.325	0.00223335082	0.00104569326	-0.00323601689	0.00514391556	0.00376876875	0.00201435153	53.4	0	0	0	3
54	15	0	1.35	-0.000855126099	0.000893471588	-0.00323601689	0.00514391556	0.00362536671	0.00201435153	55.5	0	0	0	3
55	16	0	1.375	0.00190082776	0.000936151937	-0.00323601689	0.00514391556	0.00344366095	0.00201435153	58.4	0	0	0	3
56	16	0	1.4	-0.00214400527	0.000772274533	-0.00323601689	0.00514391556	0.00302607662	0.00201435153	66.5	0	0	0	3
57	16	0	1.425	0.00542391839	0.000785608001	-0.00323601689	0.00542391839	0.0026348997	0.00201682214	76.5	0	0	0	3
58	16	0	1.45	-0.00293204146	0.00055116656	-0.00323601689	0.00542391839	0.0022564498	0.00201901824	89.4	0	0	0	3
59	16	0	1.475	0.00065989867	0.000545311621	-0.00323601689	0.00542391839	0.00176956716	0.00202098317	100	0	0	0	3
60	17	0	1.5	-0.0047090099	0.000185071191	-0.0047090099	0.00542391839	0.00132955715	0.00202275161	100	0	0	0	3
61	17	0	1.525	0.00438178234	0.000311805646	-0.0047090099	0.00542391839	0.00111539318	0.00202435163	100	0	0	0	3
62	17	0	1.55	-0.000671514176	0.000186625176	-0.0047090099	0.00542391839	0.00111539318	0.00201664394	100	0	0	0	3
63	17	0	1.575	0.00270390095	0.000285500396	-0.0047090099	0.00542391839	0.00111539318	0.00201435153	100	0	0	0	3
64	18	0	1.6	-0.00222536044	6.53017913e-05	-0.0047090099	0.00542391839	0.00123516258	0.00201435153	100	0	0	0	3
65	18	0	1.625	0.00429519072	0.000423930725	-0.0047090099	0.00542391839	0.00123516258	0.00201435153	100	0	0	0	3
66	18	0	1.65	-0.00351700797	9.47696244e-05	-0.0047090099	0.00542391839	0.00119792493	0.00201435153	100	0	0	0	3
67	18	0	1.675	0.00219785577	0.00027276477	-0.0047090099	0.00542391839	0.00119792493	0.00201435153	100	0	0	0	3
68	19	0	1.7	-0.000297563433	0.00022866853	-0.0047090099	0.00542391839	0.00113708969	0.00201435153	100	0	0	0	3
69	19	0	1.725	0.00335532472	0.000504770334	-0.0047090099	0.00542391839	0.00113708969	0.00201435153	100	0	0	0	3
70	19	0	1.75	-0.00126803587	0.00028234897	-0.0047090099	0.00542391839	0.00109261848	0.00201435153	100	0	0	0	3
71	19	0	1.775	0.0064030101	0.000697828032	-0.0047090099	0.0064030101	0.00109261848	0.00201435153	100	0	0	0	3
72	20	0	1.8	-0.000243161556	0.000558550016	-0.0047090099	0.0064030101	0.000980391464	0.00201435153	100	0	0	0	3
73	20	0	1.825	0.00539764192	0.000956660761	-0.0047090099	0.0064030101	0.000980391464	0.00201435153	100	0	0	0	3
74	20	0	1.85	-0.000365546863	0.000832903729	-0.0047090099	0.0064030101	0.00089135897	0.00201435153	100	0	0	0	3
75	20	0	1.875	0.00179508014	0.000959104026	-0.0047090099	0.0064030101	0.000893802235	0.00201435153	100	0	0	0	3
76	21	0	1.9	-9.60591518e-05	0.000864014173	-0.0047090099	0.0064030101	0.000893802235	0.00201435153	100	0	0	0	3
77	21	0	1.925	0.00704072618	0.00130138234	-0.0047090099	0.00704072618	0.00123608055	0.00201435153	100	0	0	0	3
78	21	0	1.95	0.000983126573	0.00108991606	-0.0047090099	0.00704072618	0.00123608055	0.00201435153	100	0	0	0	3
79	21	0	1.975	0.00273439735	0.00135974648	-0.0047090099	0.00704072618	0.00129444469	0.00201435153	100	0	0	0	3
80	22	0	2	-0.000423657187	0.00130814858	-0.0047090099	0.00704072618	0.00129444469	0.00201435153	100	0	0	0	3
81	22	0	2.025	0.001472745	0.00160251786	-0.00351700797	0.00704072618	0.00153721607	0.00201435153	100	0	0	0	3
82	22	0	2.05	-0.00361537939	0.00122170064	-0.00361537939	0.00704072618	0.00153721607	0.00201435153	100	0	0	0	3
83	22	0	2.075	0.00433545372	0.00146012768	-0.00361537939	0.00704072618	0.00153721607	0.00201435153	100	0	0	0	3
84	23	0	2.1	-0.000604386884	0.00130259016	-0.00361537939	0.00704072618	0.00153721607	0.00201435153	100	0	0	0	3
85	23	0	2.125	0.00389366261	0.00159397221	-0.00361537939	0.00704072618	0.00150774824	0.00201435153	100	0	0	0	3
86	23	0	2.15	-0.00186223479	0.00130076148	-0.00361537939	0.00704072618	0.00150774824	0.00201435153	100	0	0	0	3
87	23	0	2.175	0.00355327122	0.00163744144	-0.00361537939	0.00704072618	0.00140877291	0.00201435153	100	0	0	0	3
88	24	0	2.2	0.0011083421	0.00158555983	-0.00361537939	0.00704072618	0.00140877291	0.00201435153	100	0	0	0	3
89	24	0	2.225	0.00238586109	0.00171334195	-0.00361537939	0.00704072618	0.00143099298	0.00201435153	100	0	0	0	3
90	24	0	2.25	-0.00235385473	0.00144147627	-0.00361537939	0.00704072618	0.00143099298	0.00201435153	100	0	0	0	3
91	24	0	2.275	0.00191418931	0.0015930108	-0.00361537939	0.00704072618	0.00115479194	0.00201435153	100	0	0	0	3
92	25	0	2.3	-0.00170201547	0.0012070572	-0.00361537939	0.00704072618	0.00115479194	0.00201435153	100	0	0	0	3
93	25	0	2.325	0.00519814746	0.00146616715	-0.00361537939	0.00704072618	0.000880438225	0.00201435153	100	0	0	0	3
94	25	0	2.35	7.81109811e-05	0.00121285616	-0.00361537939	0.00704072618	0.000880438225	0.00201435153	100	0	0	0	3
95	26	0	2.375	0.0038841559	0.00141522295	-0.00361537939	0.00704072618	0.000849327781	0.00201435153	100	0	0	0	3
96	26	0	2.4	-0.0016769132	0.00124988994	-0.00361537939	0.00704072618	0.000849327781	0.00201435153	100	0	0	0	3
97	26	0	2.425	0.00278090544	0.00138688825	-0.00361537939	0.00704072618	0.000623425893	0.00201435153	100	0	0	0	3
98	27	0	2.45	-0.000402579871	0.00103244511	-0.00361537939	0.00519814746	0.000680896848	0.00201435153	100	0	0	0	3
99	27	0	2.475	0.00417759072	0.00118456245	-0.00361537939	0.00519814746	0.000680896848	0.00201435153	100	0	0	0	3
100	27	0	2.5	7.75104128e-06	0.00105472215	-0.00361537939	0.00519814746	0.000680896848	0.00201435153	100	0	0	0	3
101	27	0	2.525	0.00162113959	0.00115209342	-0.00361537939	0.00519814746	0.000680896848	0.00201435153	100	0	0	0	3
102	28	0	2.55	0.000952226132	0.00112730681	-0.00361537939	0.00519814746	0.000680896848	0.00201435153	100	0	0	0	3
103	28	0	2.575	0.0018027362	0.00138531231	-0.00235385473	0.00519814746	0.000680896848	0.00201435153	100	0	0	0	3
104	28	0	2.6	-0.00218886537	0.00107463045	-0.00235385473	0.00519814746	0.000680896848	0.00201435153	100	0	0	0	3
105	29	0	2.625	0.00430748823	0.00130852927	-0.00235385473	0.00519814746	0.000680896848	0.00201435153	100	0	0	0	3
106	29	0	2.65	-0.000679671463	0.00109075145	-0.00235385473	0.00519814746	0.000680896848	0.00201435153	100	0	0	0	3
107	29	0	2.675	0.00244174053	0.00129570266	-0.00235385473	0.00519814746	0.000680896848	0.00201435153	100	0	0	0	3
108	29	0	2.7	0.000270601675	0.00113938506	-0.00235385473	0.00519814746	0.000680896848	0.00201435153	100	0	0	0	3
109	30	0	2.725	0.00154253264	0.0011600608	-0.00235385473	0.00519814746	0.000680896848	0.00201435153	100	0	0	0	3
110	30	0	2.75	-0.00247740701	0.000928476606	-0.00247740701	0.00519814746	0.000664534192	0.00201435153	100	0	0	0	3
111	30	0	2.775	0.0036303455	0.00121343852	-0.00247740701	0.00519814746	0.000664534192	0.00201435153	100	0	0	0	3
112	30	0	2.8	0.000226182652	0.00113305725	-0.00247740701	0.00519814746	0.000537690547	0.00201435153	100	0	0	0	3
113	31	0	2.825	0.00195143485	0.00130703108	-0.00247740701	0.00519814746	0.000537690547	0.00201435153	100	0	0	0	3
114	31	0	2.85	-0.000110796568	0.00105422422	-0.00247740701	0.00430748823	0.000486746348	0.00201435153	100	0	0	0	3
115	31	0	2.875	0.00383730269	0.00123323335	-0.00247740701	0.00430748823	0.000486746348	0.00201435153	100	0	0	0	3
116	31	0	2.9	-0.0034972551	0.000881737587	-0.0034972551	0.00430748823	0.000505150665	0.00201435153	100	0	0	0	3
117	32	0	2.925	0.00211269458	0.0010621951	-0.0034972551	0.00430748823	0.000505150665	0.00201435153	100	0	0	0	3
118	32	0	2.95	-0.00114472837	0.000875260157	-0.0034972551	0.00430748823	0.000510052156	0.00201435153	100	0	0	0	3
119	32	0	2.975	0.0027066471	0.00102331858	-0.0034972551	0.00430748823	0.000510052156	0.00201435153	100	0	0	0	3
120	32	0	3	-0.00418529367	0.000625085994	-0.00418529367	0.00430748823	0.000760226319	0.00201435153	100	0	0	0	3
121	33	0	3.025	0.00469858828	0.000848459195	-0.00418529367	0.00469858828	0.000760226319	0.00201435153	100	0	0	0	3
122	33	0	3.05	-0.000276111291	0.000758113915	-0.00418529367	0.00469858828	0.000760226319	0.00201435153	100	0	0	0	3
123	33	0	3.075	0.00530907275	0.000965582802	-0.00418529367	0.00530907275	0.000760226319	0.00201435153	100	0	0	0	3
124	34	0	3.1	-0.00358082778	0.000709222612	-0.00418529367	0.00530907275	0.000683443272	0.00201435153	100	0	0	0	3
125	34	0	3.125	0.00351155153	0.000980671036	-0.00418529367	0.00530907275	0.000683443272	0.00201435153	100	0	0	0	3
126	34	0	3.15	-0.00117975784	0.000719373604	-0.00418529367	0.00530907275	0.000681945084	0.00201435153	100	0	0	0	3
127	34	0	3.175	0.00416593657	0.000950116844	-0.00418529367	0.00530907275	0.000681945084	0.00201435153	100	0	0	0	3
128	35	0	3.2	0.00078301815	0.000871130064	-0.00418529367	0.00530907275	0.000681945084	0.00201435153	100	0	0	0	3
129	35	0	3.225	0.00531948713	0.00111155318	-0.00418529367	0.00531948713	0.000681945084	0.00201435153	100	0	0	0	3
130	35	0	3.25	0.0006983173	0.00107135245	-0.00418529367	0.00531948713	0.000681945084	0.00201435153	100	0	0	0	3
131	36	0	3.275	0.00552913477	0.00145261634	-0.00418529367	0.00552913477	0.000827530351	0.00201435153	100	0	0	0	3
132	36	0	3.3	-0.000151471888	0.0012725298	-0.00418529367	0.00552913477	0.000827530351	0.00201435153	100	0	0	0	3
133	36	0	3.325	0.00434536406	0.0014686813	-0.00418529367	0.00552913477	0.000843595304	0.00201435153	100	0	0	0	3
134	36	0	3.35	0.000960323015	0.0014214855	-0.00418529367	0.00552913477	0.000843595304	0.00201435153	100	0	0	0	3
135	37	0	3.375	0.00298685436	0.00156899268	-0.00418529367	0.00552913477	0.00094390669	0.00201435153	100	0	0	0	3
136	37	0	3.4	0.000150855647	0.00139344759	-0.00418529367	0.00552913477	0.00094390669	0.00201435153	100	0	0	0	3
137	37	0	3.425	0.00485526339	0.00179118656	-0.00418529367	0.00552913477	0.00116610057	0.00201435153	100	0	0	0	3
138	37	0	3.45	-0.000252084385	0.00167857804	-0.00418529367	0.00552913477	0.00116610057	0.00201435153	100	0	0	0	3
139	38	0	3.475	0.00395116526	0.00192123964	-0.00418529367	0.00552913477	0.00129615365	0.00201435153	100	0	0	0	3
140	38	0	3.5	-0.000413329177	0.00177266934	-0.00418529367	0.00552913477	0.00129615365	0.00201435153	100	0	0	0	3
141	38	0	3.525	0.00373494912	0.00214982376	-0.00358082778	0.00552913477	0.00144060115	0.00201435153	100	0	0	0	3
142	39	0	3.55	-0.00133085256	0.00186270753	-0.00358082778	0.00552913477	0.00144060115	0.00201435153	100	0	0	0	3
143	39	0	3.575	0.00428397508	0.0020798545	-0.00358082778	0.00552913477	0.00144060115	0.00201435153	100	0	0	0	3
144	39	0	3.6	-0.00138071062	0.00176129339	-0.00358082778	0.00552913477	0.00144060115	0.00201435153	100	0	0	0	3
145	39	0	3.625	0.00341129669	0.0020942517	-0.00138071062	0.00552913477	0.00143045016	0.00201435153	100	0	0	0	3
146	40	0	3.65	-0.00184438162	0.00183920726	-0.00184438162	0.00552913477	0.00143045016	0.00201435153	100	0	0	0	3
