Iteration	CPUTime	PhysTime	Travels	Value	AvValue	MinValue	MaxValue	Delta	Criteria	Progress	dGMaxMin	CriteriaType	CriteriaVarType	CriteriaPercentage
1	2	0	0.025	0	0	0	0	0	0	0	0	0	0	3
2	2	0	0.05	9.65806956e-05	4.82903478e-05	0	9.65806956e-05	4.82903478e-05	0	0	0	0	0	3
3	2	0	0.075	-2.91998341e-07	3.20962324e-05	-2.91998341e-07	9.65806956e-05	4.82903478e-05	0	0	0	0	0	3
4	2	0	0.1	-1.3696407e-06	2.37297642e-05	-1.3696407e-06	9.65806956e-05	4.82903478e-05	0	0	0	0	0	3
5	3	0	0.125	-1.08824846e-06	1.87661616e-05	-1.3696407e-06	9.65806956e-05	4.82903478e-05	0	0	0	0	0	3
6	3	0	0.15	-4.31693711e-07	1.55665191e-05	-1.3696407e-06	9.65806956e-05	4.82903478e-05	0	0	0	0	0	3
7	3	0	0.175	-3.83541798e-06	1.27948138e-05	-3.83541798e-06	9.65806956e-05	4.82903478e-05	0	0	0	0	0	3
8	3	0	0.2	-2.05234363e-05	8.63003251e-06	-2.05234363e-05	9.65806956e-05	4.82903478e-05	0	0	0	0	0	3
9	4	0	0.225	-3.66579806e-05	3.59803106e-06	-3.66579806e-05	9.65806956e-05	4.82903478e-05	0	0	0	0	0	3
10	4	0	0.25	-0.000155731239	-1.23348959e-05	-0.000155731239	9.65806956e-05	6.06252437e-05	0	0	0	0	0	3
11	4	0	0.275	-0.00021273335	-3.05529372e-05	-0.00021273335	9.65806956e-05	7.8843285e-05	0	0	0	0	0	3
12	4	0	0.3	-0.00120448116	-0.000128380289	-0.00120448116	9.65806956e-05	0.000176670637	0	0	0	0	0	3
13	4	0	0.325	-0.00234667932	-0.000299018676	-0.00234667932	9.65806956e-05	0.000347309023	0	0	0	0	0	3
14	5	0	0.35	-0.00443803597	-0.000594662768	-0.00443803597	9.65806956e-05	0.000642953116	0	0	0	0	0	3
15	5	0	0.375	-0.00605864968	-0.000958928562	-0.00605864968	9.65806956e-05	0.00100721891	0	0	0	0	0	3
16	5	0	0.4	-0.00997092227	-0.00152217817	-0.00997092227	9.65806956e-05	0.00157046852	0	0	0	0	0	3
17	5	0	0.425	-0.0182298403	-0.00250498183	-0.0182298403	9.65806956e-05	0.00255327217	0	0	0	0	0	3
18	6	0	0.45	-0.0286553325	-0.00395777909	-0.0286553325	9.65806956e-05	0.00400606943	0	0	0	0	0	3
19	6	0	0.475	-0.0392410469	-0.00581479318	-0.0392410469	9.65806956e-05	0.00586308353	0	0	0	0	0	3
20	6	0	0.5	-0.0558291595	-0.0083155115	-0.0558291595	9.65806956e-05	0.00836380185	0	0	0	0	0	3
21	6	0	0.525	-0.0935329964	-0.0129921613	-0.0935329964	9.65806956e-05	0.0130404517	0	0	0	0	0	3
22	7	0	0.55	-0.141209347	-0.0200574577	-0.141209347	-2.91998341e-07	0.0200895539	0	0	0	0	0	3
23	7	0	0.575	-0.158563662	-0.0279856262	-0.158563662	-4.31693711e-07	0.0280093559	0	0	0	0	0	3
24	7	0	0.6	-0.167170402	-0.0363440778	-0.167170402	-4.31693711e-07	0.036362844	0	0	0	0	0	3
25	7	0	0.625	-0.185186333	-0.04560334	-0.185186333	-4.31693711e-07	0.0456189066	0	0	0	0	0	3
26	8	0	0.65	-0.199163978	-0.0555615173	-0.199163978	-3.83541798e-06	0.0555743122	0	0	0	0	0	3
27	8	0	0.675	-0.21176307	-0.0661494791	-0.21176307	-2.05234363e-05	0.0661581091	0	0	0	0	0	3
28	8	0	0.7	-0.216131095	-0.0769550076	-0.216131095	-3.66579806e-05	0.0769586057	0	0	0	0	0	3
29	8	0	0.725	-0.219553375	-0.0879308435	-0.219553375	-0.000155731239	0.0879185086	0	0	0	0	0	3
30	8	0	0.75	-0.219162414	-0.0988811776	-0.219553375	-0.00021273335	0.0988506247	0	0	0	0	0	3
31	10	0	0.775	-0.223336561	-0.110037369	-0.223336561	-0.00120448116	0.109908989	0	0	0	0	0	3
32	10	0	0.8	-0.225132701	-0.12123378	-0.225132701	-0.00234667932	0.120934761	0	0	0	0	0	3
33	10	0	0.825	-0.224854087	-0.13235915	-0.225132701	-0.00443803597	0.131764488	0	0	0	0	0	3
34	11	0	0.85	-0.224137693	-0.143344133	-0.225132701	-0.00605864968	0.142385205	0	0	0	0	0	3
35	11	0	0.875	-0.226226876	-0.154352545	-0.226226876	-0.00997092227	0.152830366	0	0	0	0	0	3
36	11	0	0.9	-0.22866924	-0.16528746	-0.22866924	-0.0182298403	0.162782479	0	0	0	0	0	3
37	11	0	0.925	-0.22782724	-0.17576733	-0.22866924	-0.0286553325	0.171809551	0	0	0	0	0	3
38	11	0	0.95	-0.226780553	-0.185673591	-0.22866924	-0.0392410469	0.179858798	0	0	0	0	0	3
39	12	0	0.975	-0.227374385	-0.195080258	-0.22866924	-0.0558291595	0.172840081	0	0	0	0	0	3
40	12	0	1	-0.226021664	-0.203589884	-0.22866924	-0.0935329964	0.135136244	0.0343003422	25.3	0	0	0	3
41	12	0	1.025	-0.226997496	-0.210263109	-0.22866924	-0.141209347	0.0874598936	0.0343003422	39.2	0	0	0	3
42	12	0	1.05	-0.226431516	-0.214524217	-0.22866924	-0.158563662	0.0701055783	0.0343003422	48.9	0	0	0	3
43	13	0	1.075	-0.22943626	-0.218067847	-0.22943626	-0.167170402	0.0622658582	0.0343386863	55.1	0	0	0	3
44	13	0	1.1	-0.229507822	-0.218612608	-0.229507822	-0.167170402	0.0623374203	0.0343605419	55.1	0	0	0	3
45	13	0	1.125	-0.230558183	-0.221631073	-0.230558183	-0.185186333	0.0453718505	0.034405166	75.8	0	0	0	3
46	14	0	1.15	-0.228532354	-0.22369517	-0.230558183	-0.199163978	0.0313942053	0.0344349155	100	0	0	0	3
47	14	0	1.175	-0.231267053	-0.225223888	-0.231267053	-0.21176307	0.0195039836	0.0344712822	100	0	0	0	3
48	14	0	1.2	-0.226743976	-0.225937264	-0.231267053	-0.216131095	0.0151359587	0.0344982444	100	0	0	0	3
49	14	0	1.225	-0.22721836	-0.226465229	-0.231267053	-0.219162414	0.0121046396	0.034518946	100	0	0	0	3
50	14	0	1.25	-0.227937459	-0.226864471	-0.231267053	-0.219162414	0.0121046396	0.0345337213	100	0	0	0	3
51	15	0	1.275	-0.22929074	-0.227346772	-0.231267053	-0.223336561	0.00793049235	0.0345450328	100	0	0	0	3
52	15	0	1.3	-0.229445217	-0.227637661	-0.231267053	-0.224137693	0.00712936003	0.0345420622	100	0	0	0	3
53	15	0	1.325	-0.231696299	-0.227950213	-0.231696299	-0.224137693	0.00755860545	0.0345313223	100	0	0	0	3
54	15	0	1.35	-0.228461955	-0.228122016	-0.231696299	-0.224137693	0.00755860545	0.0344997092	100	0	0	0	3
55	16	0	1.375	-0.229167194	-0.228361516	-0.231696299	-0.226021664	0.00567463458	0.0344561051	100	0	0	0	3
56	16	0	1.4	-0.230357928	-0.228558233	-0.231696299	-0.226021664	0.00567463458	0.0343812739	100	0	0	0	3
57	16	0	1.425	-0.232120863	-0.228722596	-0.232120863	-0.226021664	0.00609919827	0.0343003422	100	0	0	0	3
58	16	0	1.45	-0.229898476	-0.228821226	-0.232120863	-0.226021664	0.00609919827	0.0343003422	100	0	0	0	3
59	16	0	1.475	-0.231641279	-0.22905269	-0.232120863	-0.226021664	0.00609919827	0.0343003422	100	0	0	0	3
60	17	0	1.5	-0.229889046	-0.229172435	-0.232120863	-0.226021664	0.00609919827	0.0343003422	100	0	0	0	3
61	17	0	1.525	-0.232264573	-0.229469717	-0.232264573	-0.226431516	0.00583305648	0.0343003422	100	0	0	0	3
62	17	0	1.55	-0.228882173	-0.229559463	-0.232264573	-0.226431516	0.00583305648	0.0343003422	100	0	0	0	3
63	17	0	1.575	-0.230854335	-0.229770074	-0.232264573	-0.226743976	0.00552059696	0.0343003422	100	0	0	0	3
64	18	0	1.6	-0.228018353	-0.229702554	-0.232264573	-0.226743976	0.00552059696	0.0343003422	100	0	0	0	3
65	18	0	1.625	-0.230737156	-0.229761094	-0.232264573	-0.226743976	0.00552059696	0.0343003422	100	0	0	0	3
66	18	0	1.65	-0.228597733	-0.229667739	-0.232264573	-0.226743976	0.00552059696	0.0343003422	100	0	0	0	3
67	18	0	1.675	-0.231727893	-0.229819908	-0.232264573	-0.226743976	0.00459602	0.0343003422	100	0	0	0	3
68	19	0	1.7	-0.228196809	-0.229673706	-0.232264573	-0.226743976	0.00388264354	0.0343003422	100	0	0	0	3
69	19	0	1.725	-0.229936392	-0.229825725	-0.232264573	-0.22721836	0.00336049626	0.0343003422	100	0	0	0	3
70	19	0	1.75	-0.228956059	-0.229908473	-0.232264573	-0.227937459	0.00304400174	0.0343003422	100	0	0	0	3
71	19	0	1.775	-0.229765139	-0.229995505	-0.232264573	-0.228018353	0.00264873289	0.0343003422	100	0	0	0	3
72	20	0	1.8	-0.231308283	-0.230091579	-0.232264573	-0.228018353	0.00245391801	0.0343003422	100	0	0	0	3
73	20	0	1.825	-0.23172493	-0.230200137	-0.232264573	-0.228018353	0.00224992348	0.0343003422	100	0	0	0	3
74	20	0	1.85	-0.229866962	-0.230113025	-0.232264573	-0.228018353	0.00207812022	0.0343003422	100	0	0	0	3
75	20	0	1.875	-0.227618918	-0.230072881	-0.232264573	-0.227618918	0.0018386202	0.0343003422	100	0	0	0	3
76	21	0	1.9	-0.230253648	-0.230124617	-0.232264573	-0.227618918	0.00164190343	0.0343003422	100	0	0	0	3
77	21	0	1.925	-0.231047072	-0.230157433	-0.232264573	-0.227618918	0.00147754046	0.0343003422	100	0	0	0	3
78	21	0	1.95	-0.227927273	-0.229957738	-0.232264573	-0.227618918	0.00137891015	0.0343003422	100	0	0	0	3
79	21	0	1.975	-0.231755528	-0.230046169	-0.232264573	-0.227618918	0.001147447	0.0343003422	100	0	0	0	3
80	22	0	2	-0.227682816	-0.229857671	-0.232264573	-0.227618918	0.00102770124	0.0343003422	100	0	0	0	3
81	22	0	2.025	-0.231239663	-0.229921986	-0.232264573	-0.227618918	0.000730419893	0.0343003422	100	0	0	0	3
82	22	0	2.05	-0.228501595	-0.229742797	-0.231755528	-0.227618918	0.000640673374	0.0343003422	100	0	0	0	3
83	22	0	2.075	-0.224797399	-0.229548284	-0.231755528	-0.224797399	0.000651852964	0.0343003422	100	0	0	0	3
84	23	0	2.1	-0.229043222	-0.22946204	-0.231755528	-0.224797399	0.00073809644	0.0343003422	100	0	0	0	3
85	23	0	2.125	-0.228382344	-0.229479373	-0.231755528	-0.224797399	0.00073809644	0.0343003422	100	0	0	0	3
86	23	0	2.15	-0.226914934	-0.229297362	-0.231755528	-0.224797399	0.000902774075	0.0343003422	100	0	0	0	3
87	23	0	2.175	-0.230432273	-0.229384722	-0.231755528	-0.224797399	0.000902774075	0.0343003422	100	0	0	0	3
88	24	0	2.2	-0.2278978	-0.229202336	-0.231755528	-0.224797399	0.00099780038	0.0343003422	100	0	0	0	3
89	24	0	2.225	-0.226614024	-0.229126965	-0.231755528	-0.224797399	0.00107317111	0.0343003422	100	0	0	0	3
90	24	0	2.25	-0.228628946	-0.229064706	-0.231755528	-0.224797399	0.00113543047	0.0343003422	100	0	0	0	3
91	24	0	2.275	-0.225405883	-0.22889565	-0.231755528	-0.224797399	0.00130448648	0.0343003422	100	0	0	0	3
92	25	0	2.3	-0.228561671	-0.228838342	-0.231755528	-0.224797399	0.00136179444	0.0343003422	100	0	0	0	3
93	25	0	2.325	-0.228063498	-0.228683829	-0.231755528	-0.224797399	0.00151630804	0.0343003422	100	0	0	0	3
94	25	0	2.35	-0.22913759	-0.228560622	-0.231755528	-0.224797399	0.00159681104	0.0343003422	100	0	0	0	3
95	26	0	2.375	-0.231344153	-0.228630964	-0.231755528	-0.224797399	0.00159681104	0.0343003422	100	0	0	0	3
96	26	0	2.4	-0.22938089	-0.228714868	-0.231755528	-0.224797399	0.00159681104	0.0343003422	100	0	0	0	3
97	26	0	2.425	-0.232601324	-0.228826662	-0.232601324	-0.224797399	0.00159681104	0.0343003422	100	0	0	0	3
98	27	0	2.45	-0.229862024	-0.228770231	-0.232601324	-0.224797399	0.00148554735	0.0343003422	100	0	0	0	3
99	27	0	2.475	-0.231291442	-0.22893043	-0.232601324	-0.224797399	0.00148554735	0.0343003422	100	0	0	0	3
100	27	0	2.5	-0.228855942	-0.228792354	-0.232601324	-0.224797399	0.0013613642	0.0343003422	100	0	0	0	3
101	27	0	2.525	-0.228659233	-0.22883885	-0.232601324	-0.224797399	0.0013613642	0.0343003422	100	0	0	0	3
102	28	0	2.55	-0.228797308	-0.228722547	-0.232601324	-0.224797399	0.00118217481	0.0343003422	100	0	0	0	3
103	28	0	2.575	-0.227848079	-0.228691428	-0.232601324	-0.224797399	0.000987661741	0.0343003422	100	0	0	0	3
104	28	0	2.6	-0.233168757	-0.229090064	-0.233168757	-0.225405883	0.000918751171	0.0343003422	100	0	0	0	3
105	29	0	2.625	-0.232506242	-0.229254969	-0.233168757	-0.225405883	0.000918751171	0.0343003422	100	0	0	0	3
106	29	0	2.65	-0.227127841	-0.229195231	-0.233168757	-0.225405883	0.000824099676	0.0343003422	100	0	0	0	3
107	29	0	2.675	-0.232041298	-0.229439344	-0.233168757	-0.225405883	0.00087872196	0.0343003422	100	0	0	0	3
108	29	0	2.7	-0.227368016	-0.229293427	-0.233168757	-0.225405883	0.00087872196	0.0343003422	100	0	0	0	3
109	30	0	2.725	-0.227042265	-0.229252687	-0.233168757	-0.225405883	0.00087872196	0.0343003422	100	0	0	0	3
110	30	0	2.75	-0.229549294	-0.229392462	-0.233168757	-0.225405883	0.00087872196	0.0343003422	100	0	0	0	3
111	30	0	2.775	-0.228755107	-0.229398469	-0.233168757	-0.225405883	0.00087872196	0.0343003422	100	0	0	0	3
112	30	0	2.8	-0.227808902	-0.229512899	-0.233168757	-0.227042265	0.000952277102	0.0343003422	100	0	0	0	3
113	31	0	2.825	-0.231623221	-0.229658687	-0.233168757	-0.227042265	0.00109806517	0.0343003422	100	0	0	0	3
114	31	0	2.85	-0.226953709	-0.22960584	-0.233168757	-0.226953709	0.00109806517	0.0343003422	100	0	0	0	3
115	31	0	2.875	-0.22924309	-0.229610864	-0.233168757	-0.226953709	0.00102772269	0.0343003422	100	0	0	0	3
116	31	0	2.9	-0.228033694	-0.229453223	-0.233168757	-0.226953709	0.000967259347	0.0343003422	100	0	0	0	3
117	32	0	2.925	-0.233918526	-0.229669301	-0.233918526	-0.226953709	0.00097787303	0.0343003422	100	0	0	0	3
118	32	0	2.95	-0.227643317	-0.229433205	-0.233918526	-0.226953709	0.00097787303	0.0343003422	100	0	0	0	3
119	32	0	2.975	-0.22737691	-0.229314866	-0.233918526	-0.226953709	0.00097787303	0.0343003422	100	0	0	0	3
120	32	0	3	-0.227342048	-0.2291268	-0.233918526	-0.226953709	0.00097787303	0.0343003422	100	0	0	0	3
121	33	0	3.025	-0.23195807	-0.22927452	-0.233918526	-0.226953709	0.00097787303	0.0343003422	100	0	0	0	3
122	33	0	3.05	-0.225756101	-0.229136276	-0.233918526	-0.225756101	0.00097787303	0.0343003422	100	0	0	0	3
123	33	0	3.075	-0.233233053	-0.229347502	-0.233918526	-0.225756101	0.00097787303	0.0343003422	100	0	0	0	3
124	34	0	3.1	-0.226341935	-0.229275781	-0.233918526	-0.225756101	0.000579236896	0.0343003422	100	0	0	0	3
125	34	0	3.125	-0.233602185	-0.22929642	-0.233918526	-0.225756101	0.00054250073	0.0343003422	100	0	0	0	3
126	34	0	3.15	-0.226036229	-0.228988324	-0.233918526	-0.225756101	0.000680976311	0.0343003422	100	0	0	0	3
127	34	0	3.175	-0.227946797	-0.229027322	-0.233918526	-0.225756101	0.000680976311	0.0343003422	100	0	0	0	3
128	35	0	3.2	-0.228348341	-0.228851467	-0.233918526	-0.225756101	0.000817833537	0.0343003422	100	0	0	0	3
129	35	0	3.225	-0.232509868	-0.229096317	-0.233918526	-0.225756101	0.000817833537	0.0343003422	100	0	0	0	3
130	35	0	3.25	-0.22693073	-0.229091006	-0.233918526	-0.225756101	0.000817833537	0.0343003422	100	0	0	0	3
131	36	0	3.275	-0.23423811	-0.229314283	-0.23423811	-0.225756101	0.000817833537	0.0343003422	100	0	0	0	3
132	36	0	3.3	-0.229295202	-0.229340002	-0.23423811	-0.225756101	0.000817833537	0.0343003422	100	0	0	0	3
133	36	0	3.325	-0.227704688	-0.229335039	-0.23423811	-0.225756101	0.000817833537	0.0343003422	100	0	0	0	3
134	36	0	3.35	-0.227713078	-0.229148842	-0.23423811	-0.225756101	0.000817833537	0.0343003422	100	0	0	0	3
135	37	0	3.375	-0.22868768	-0.229231412	-0.23423811	-0.225756101	0.000817833537	0.0343003422	100	0	0	0	3
136	37	0	3.4	-0.231012156	-0.229315653	-0.23423811	-0.225756101	0.000817833537	0.0343003422	100	0	0	0	3
137	37	0	3.425	-0.234555165	-0.2296262	-0.234555165	-0.225756101	0.000817833537	0.0343003422	100	0	0	0	3
138	37	0	3.45	-0.226394732	-0.229267924	-0.234555165	-0.225756101	0.000774732407	0.0343003422	100	0	0	0	3
139	38	0	3.475	-0.233972404	-0.229569309	-0.234555165	-0.225756101	0.000774732407	0.0343003422	100	0	0	0	3
140	38	0	3.5	-0.229525993	-0.229671646	-0.234555165	-0.225756101	0.000820178924	0.0343003422	100	0	0	0	3
141	38	0	3.525	-0.229420822	-0.229770635	-0.234555165	-0.225756101	0.000919168177	0.0343003422	100	0	0	0	3
142	39	0	3.55	-0.228317474	-0.229597274	-0.234555165	-0.225756101	0.000919168177	0.0343003422	100	0	0	0	3
143	39	0	3.575	-0.233355642	-0.229959156	-0.234555165	-0.226036229	0.00110768931	0.0343003422	100	0	0	0	3
144	39	0	3.6	-0.228962536	-0.229755799	-0.234555165	-0.226036229	0.00110768931	0.0343003422	100	0	0	0	3
145	39	0	3.625	-0.234822161	-0.230159619	-0.234822161	-0.226036229	0.00130815164	0.0343003422	100	0	0	0	3
146	40	0	3.65	-0.224571151	-0.22972957	-0.234822161	-0.224571151	0.00130815164	0.0343003422	100	0	0	0	3
