Iteration	CPUTime	PhysTime	Travels	Value	AvValue	MinValue	MaxValue	Delta	Criteria	Progress	dGMaxMin	CriteriaType	CriteriaVarType	CriteriaPercentage
1	2	0	0.025	-0.0308968622	-0.0308968622	-0.0308968622	-0.0308968622	0	0	0	0	0	0	3
2	2	0	0.05	0.0779081176	0.0235056277	-0.0308968622	0.0779081176	0.0544024899	0	0	0	0	0	3
3	2	0	0.075	-0.0105700459	0.0121470699	-0.0308968622	0.0779081176	0.0544024899	0	0	0	0	0	3
4	2	0	0.1	-0.00172597336	0.00867880905	-0.0308968622	0.0779081176	0.0544024899	0	0	0	0	0	3
5	3	0	0.125	0.0113199868	0.0092070446	-0.0308968622	0.0779081176	0.0544024899	0	0	0	0	0	3
6	3	0	0.15	0.0116578105	0.00961550559	-0.0308968622	0.0779081176	0.0544024899	0	0	0	0	0	3
7	3	0	0.175	0.000472988343	0.0083094317	-0.0308968622	0.0779081176	0.0544024899	0	0	0	0	0	3
8	3	0	0.2	0.00802658633	0.00827407603	-0.0308968622	0.0779081176	0.0544024899	0	0	0	0	0	3
9	4	0	0.225	0.00313514111	0.00770308326	-0.0308968622	0.0779081176	0.0544024899	0	0	0	0	0	3
10	4	0	0.25	0.00742104836	0.00767487977	-0.0308968622	0.0779081176	0.0544024899	0	0	0	0	0	3
11	4	0	0.275	-0.0299757356	0.00425209656	-0.0308968622	0.0779081176	0.0544024899	0	0	0	0	0	3
12	4	0	0.3	-0.0640259579	-0.00143774132	-0.0640259579	0.0779081176	0.0544024899	0	0	0	0	0	3
13	4	0	0.325	-0.147678722	-0.0126870475	-0.147678722	0.0779081176	0.0544024899	0	0	0	0	0	3
14	5	0	0.35	-0.216372994	-0.0272360437	-0.216372994	0.0779081176	0.0544024899	0	0	0	0	0	3
15	5	0	0.375	-0.332984248	-0.0476192573	-0.332984248	0.0779081176	0.0711248851	0	0	0	0	0	3
16	5	0	0.4	-0.442666841	-0.0723097313	-0.442666841	0.0779081176	0.095815359	0	0	0	0	0	3
17	5	0	0.425	-0.516133228	-0.0984169958	-0.516133228	0.0779081176	0.121922624	0	0	0	0	0	3
18	6	0	0.45	-0.658551018	-0.129535553	-0.658551018	0.0779081176	0.15304118	0	0	0	0	0	3
19	6	0	0.475	-0.733540859	-0.161325306	-0.733540859	0.0779081176	0.184830933	0	0	0	0	0	3
20	6	0	0.5	-0.777766335	-0.192147357	-0.777766335	0.0779081176	0.215652985	0	0	0	0	0	3
21	6	0	0.525	-0.732863053	-0.227245667	-0.777766335	0.0779081176	0.250751294	0	0	0	0	0	3
22	7	0	0.55	-0.653813333	-0.263831739	-0.777766335	0.0116578105	0.275978809	0	0	0	0	0	3
23	7	0	0.575	-0.602436478	-0.293425061	-0.777766335	0.0116578105	0.303040566	0	0	0	0	0	3
24	7	0	0.6	-0.55438637	-0.321058081	-0.777766335	0.0116578105	0.330673586	0	0	0	0	0	3
25	7	0	0.625	-0.567620068	-0.350005083	-0.777766335	0.0116578105	0.359620589	0	0	0	0	0	3
26	8	0	0.65	-0.511908599	-0.376183404	-0.777766335	0.00802658633	0.384492835	0	0	0	0	0	3
27	8	0	0.675	-0.53019499	-0.402716803	-0.777766335	0.00802658633	0.410990879	0	0	0	0	0	3
28	8	0	0.7	-0.485202474	-0.427378256	-0.777766335	0.00742104836	0.435081339	0	0	0	0	0	3
29	8	0	0.725	-0.540161945	-0.45454311	-0.777766335	0.00742104836	0.46221799	0	0	0	0	0	3
30	8	0	0.75	-0.480225484	-0.478925437	-0.777766335	-0.0299757356	0.483177533	0	0	0	0	0	3
31	10	0	0.775	-0.567084046	-0.505780852	-0.777766335	-0.0640259579	0.504343111	0	0	0	0	0	3
32	10	0	0.8	-0.517063204	-0.528432714	-0.777766335	-0.147678722	0.515745667	0	0	0	0	0	3
33	10	0	0.825	-0.583594999	-0.550228528	-0.777766335	-0.216372994	0.522992485	0	0	0	0	0	3
34	11	0	0.85	-0.559097372	-0.567364747	-0.777766335	-0.332984248	0.444782086	0	0	0	0	0	3
35	11	0	0.875	-0.61084778	-0.581257924	-0.777766335	-0.442666841	0.335099494	0	0	0	0	0	3
36	11	0	0.9	-0.56828407	-0.587538785	-0.777766335	-0.480225484	0.297540851	0	0	0	0	0	3
37	11	0	0.925	-0.612033901	-0.592333819	-0.777766335	-0.480225484	0.297540851	0	0	0	0	0	3
38	11	0	0.95	-0.570673415	-0.587939939	-0.777766335	-0.480225484	0.297540851	0	0	0	0	0	3
39	12	0	0.975	-0.619513025	-0.582238547	-0.777766335	-0.480225484	0.297540851	0	0	0	0	0	3
40	12	0	1	-0.600372571	-0.573368859	-0.732863053	-0.480225484	0.252637569	0.118413622	46.8	0	0	0	3
41	12	0	1.025	-0.634805723	-0.568465992	-0.653813333	-0.480225484	0.173587849	0.118413622	68.2	0	0	0	3
42	12	0	1.05	-0.626486531	-0.567099652	-0.634805723	-0.480225484	0.154580239	0.118413622	76.6	0	0	0	3
43	13	0	1.075	-0.646020538	-0.569278855	-0.646020538	-0.480225484	0.165795054	0.118413622	71.4	0	0	0	3
44	13	0	1.1	-0.648863181	-0.573068585	-0.648863181	-0.480225484	0.168637697	0.118413622	70.2	0	0	0	3
45	13	0	1.125	-0.660526084	-0.578122857	-0.660526084	-0.480225484	0.1803006	0.118413622	65.6	0	0	0	3
46	14	0	1.15	-0.679618558	-0.583456119	-0.679618558	-0.480225484	0.199393074	0.118413622	59.3	0	0	0	3
47	14	0	1.175	-0.684020673	-0.591651932	-0.684020673	-0.480225484	0.189617016	0.118413622	62.4	0	0	0	3
48	14	0	1.2	-0.696187052	-0.599556316	-0.696187052	-0.480225484	0.17217806	0.118413622	68.7	0	0	0	3
49	14	0	1.225	-0.703177335	-0.609936071	-0.703177335	-0.480225484	0.155392961	0.118413622	76.2	0	0	0	3
50	14	0	1.25	-0.715332668	-0.618277534	-0.715332668	-0.480225484	0.139352097	0.118413622	84.9	0	0	0	3
51	15	0	1.275	-0.721483721	-0.629766021	-0.721483721	-0.517063204	0.123985169	0.118413622	95.5	0	0	0	3
52	15	0	1.3	-0.713134302	-0.636720795	-0.721483721	-0.517063204	0.108288081	0.118413622	100	0	0	0	3
53	15	0	1.325	-0.73206431	-0.646958943	-0.73206431	-0.559097372	0.0967304151	0.118413622	100	0	0	0	3
54	15	0	1.35	-0.741262205	-0.654466905	-0.741262205	-0.559097372	0.0873672532	0.118413622	100	0	0	0	3
55	16	0	1.375	-0.748320459	-0.663477529	-0.748320459	-0.56828407	0.0963778764	0.118413622	100	0	0	0	3
56	16	0	1.4	-0.753399857	-0.670265723	-0.753399857	-0.56828407	0.103166071	0.118413622	100	0	0	0	3
57	16	0	1.425	-0.769337396	-0.679839691	-0.769337396	-0.570673415	0.112740038	0.118413622	100	0	0	0	3
58	16	0	1.45	-0.774922443	-0.687596288	-0.774922443	-0.570673415	0.120496636	0.118413622	98.2	0	0	0	3
59	16	0	1.475	-0.802874764	-0.698653495	-0.802874764	-0.600372571	0.131553843	0.118413622	90	0	0	0	3
60	17	0	1.5	-0.785982741	-0.706580624	-0.802874764	-0.600372571	0.139480972	0.118413622	84.8	0	0	0	3
61	17	0	1.525	-0.803644201	-0.716260226	-0.803644201	-0.626486531	0.149160574	0.118413622	79.3	0	0	0	3
62	17	0	1.55	-0.800103799	-0.724131563	-0.803644201	-0.626486531	0.15703191	0.118413622	75.4	0	0	0	3
63	17	0	1.575	-0.803542848	-0.732562816	-0.803644201	-0.646020538	0.157623663	0.118413622	75.1	0	0	0	3
64	18	0	1.6	-0.807124708	-0.740234443	-0.807124708	-0.648863181	0.158261527	0.118413622	74.8	0	0	0	3
65	18	0	1.625	-0.786582794	-0.74679252	-0.807124708	-0.660526084	0.146598625	0.118413622	80.7	0	0	0	3
66	18	0	1.65	-0.803016724	-0.753577788	-0.807124708	-0.679618558	0.12750615	0.118413622	92.8	0	0	0	3
67	18	0	1.675	-0.799301251	-0.759276964	-0.807124708	-0.684020673	0.123104035	0.118413622	96.1	0	0	0	3
68	19	0	1.7	-0.804343552	-0.765006625	-0.807124708	-0.696187052	0.110937656	0.118413622	100	0	0	0	3
69	19	0	1.725	-0.798707302	-0.769888542	-0.807124708	-0.703177335	0.103947373	0.118413622	100	0	0	0	3
70	19	0	1.75	-0.804710194	-0.77472344	-0.807124708	-0.713134302	0.0939904064	0.118413622	100	0	0	0	3
71	19	0	1.775	-0.776524071	-0.777637316	-0.807124708	-0.713134302	0.0939904064	0.118413622	100	0	0	0	3
72	20	0	1.8	-0.785485544	-0.780685022	-0.807124708	-0.713134302	0.0939904064	0.118413622	100	0	0	0	3
73	20	0	1.825	-0.786335502	-0.784170794	-0.807124708	-0.73206431	0.0750603985	0.118413622	100	0	0	0	3
74	20	0	1.85	-0.794213266	-0.787130268	-0.807124708	-0.741262205	0.0658625035	0.118413622	100	0	0	0	3
75	20	0	1.875	-0.799038662	-0.789881528	-0.807124708	-0.748320459	0.0588042495	0.118413622	100	0	0	0	3
76	21	0	1.9	-0.78071567	-0.791424157	-0.807124708	-0.753399857	0.0537248515	0.118413622	100	0	0	0	3
77	21	0	1.925	-0.815687505	-0.794390235	-0.815687505	-0.769337396	0.0463501083	0.118413622	100	0	0	0	3
78	21	0	1.95	-0.807067511	-0.796186907	-0.815687505	-0.774922443	0.0407650614	0.118413622	100	0	0	0	3
79	21	0	1.975	-0.822655422	-0.798459906	-0.822655422	-0.776524071	0.0461313514	0.118413622	100	0	0	0	3
80	22	0	2	-0.822636703	-0.799400951	-0.822655422	-0.776524071	0.0461313514	0.118413622	100	0	0	0	3
81	22	0	2.025	-0.833314826	-0.80165486	-0.833314826	-0.776524071	0.0567907551	0.118413622	100	0	0	0	3
82	22	0	2.05	-0.824353758	-0.802641029	-0.833314826	-0.776524071	0.0567907551	0.118413622	100	0	0	0	3
83	22	0	2.075	-0.815577247	-0.80337786	-0.833314826	-0.776524071	0.0567907551	0.118413622	100	0	0	0	3
84	23	0	2.1	-0.783863671	-0.802440756	-0.833314826	-0.776524071	0.0567907551	0.118413622	100	0	0	0	3
85	23	0	2.125	-0.804032928	-0.802293529	-0.833314826	-0.776524071	0.0565853402	0.118413622	100	0	0	0	3
86	23	0	2.15	-0.800628605	-0.802962377	-0.833314826	-0.776524071	0.0498000716	0.118413622	100	0	0	0	3
87	23	0	2.175	-0.814517215	-0.803510019	-0.833314826	-0.776524071	0.044233055	0.118413622	100	0	0	0	3
88	24	0	2.2	-0.809001394	-0.803971931	-0.833314826	-0.776524071	0.0389653057	0.118413622	100	0	0	0	3
89	24	0	2.225	-0.805437579	-0.804024027	-0.833314826	-0.776524071	0.0341354855	0.118413622	100	0	0	0	3
90	24	0	2.25	-0.803180527	-0.804237038	-0.833314826	-0.776524071	0.0295135982	0.118413622	100	0	0	0	3
91	24	0	2.275	-0.818238976	-0.804881266	-0.833314826	-0.776524071	0.0272439496	0.118413622	100	0	0	0	3
92	25	0	2.3	-0.824627588	-0.80717191	-0.833314826	-0.78071567	0.0264868874	0.118413622	100	0	0	0	3
93	25	0	2.325	-0.817013598	-0.808673245	-0.833314826	-0.78071567	0.0245024519	0.118413622	100	0	0	0	3
94	25	0	2.35	-0.808666518	-0.809736627	-0.833314826	-0.78071567	0.0226063595	0.118413622	100	0	0	0	3
95	26	0	2.375	-0.823793071	-0.811145189	-0.833314826	-0.78071567	0.0212636617	0.118413622	100	0	0	0	3
96	26	0	2.4	-0.822780153	-0.812275736	-0.833314826	-0.78071567	0.0208515798	0.118413622	100	0	0	0	3
97	26	0	2.425	-0.844766586	-0.81532578	-0.844766586	-0.783863671	0.0209355449	0.118413622	100	0	0	0	3
98	27	0	2.45	-0.845204626	-0.816731357	-0.845204626	-0.783863671	0.02054445	0.118413622	100	0	0	0	3
99	27	0	2.475	-0.864240082	-0.819453861	-0.864240082	-0.783863671	0.0209939543	0.118413622	100	0	0	0	3
100	27	0	2.5	-0.87127272	-0.82176897	-0.87127272	-0.783863671	0.022368019	0.118413622	100	0	0	0	3
101	27	0	2.525	-0.888270211	-0.824894375	-0.888270211	-0.783863671	0.0232395154	0.118413622	100	0	0	0	3
102	28	0	2.55	-0.903051313	-0.82821516	-0.903051313	-0.783863671	0.0259216315	0.118413622	100	0	0	0	3
103	28	0	2.575	-0.90736084	-0.832167878	-0.90736084	-0.783863671	0.0298743497	0.118413622	100	0	0	0	3
104	28	0	2.6	-0.885777247	-0.835510736	-0.90736084	-0.783863671	0.0332172068	0.118413622	100	0	0	0	3
105	29	0	2.625	-0.896644857	-0.840881268	-0.90736084	-0.800628605	0.0385877394	0.118413622	100	0	0	0	3
106	29	0	2.65	-0.899904847	-0.845446598	-0.90736084	-0.800628605	0.0424842208	0.118413622	100	0	0	0	3
107	29	0	2.675	-0.911807874	-0.850740849	-0.911807874	-0.803180527	0.0472308293	0.118413622	100	0	0	0	3
108	29	0	2.7	-0.920764409	-0.855800239	-0.920764409	-0.803180527	0.0518283079	0.118413622	100	0	0	0	3
109	30	0	2.725	-0.932095077	-0.861661843	-0.932095077	-0.803180527	0.0576378153	0.118413622	100	0	0	0	3
110	30	0	2.75	-0.911887483	-0.866730886	-0.932095077	-0.803180527	0.0624938477	0.118413622	100	0	0	0	3
111	30	0	2.775	-0.919429048	-0.87226653	-0.932095077	-0.808666518	0.0673852638	0.118413622	100	0	0	0	3
112	30	0	2.8	-0.936505388	-0.877898264	-0.936505388	-0.808666518	0.070726354	0.118413622	100	0	0	0	3
113	31	0	2.825	-0.946403809	-0.883697131	-0.946403809	-0.808666518	0.0750238858	0.118413622	100	0	0	0	3
114	31	0	2.85	-0.94713431	-0.889893356	-0.94713431	-0.808666518	0.0801567285	0.118413622	100	0	0	0	3
115	31	0	2.875	-0.946898693	-0.89647584	-0.94713431	-0.822780153	0.0853306509	0.118413622	100	0	0	0	3
116	31	0	2.9	-0.956580958	-0.902799073	-0.956580958	-0.822780153	0.0905233364	0.118413622	100	0	0	0	3
117	32	0	2.925	-0.957225533	-0.909201234	-0.957225533	-0.844766586	0.0938754538	0.118413622	100	0	0	0	3
118	32	0	2.95	-0.979525635	-0.915618331	-0.979525635	-0.845204626	0.0988869742	0.118413622	100	0	0	0	3
119	32	0	2.975	-0.984624963	-0.922257395	-0.984624963	-0.864240082	0.102803534	0.118413622	100	0	0	0	3
120	32	0	3	-0.977888401	-0.92766922	-0.984624963	-0.87127272	0.10590025	0.118413622	100	0	0	0	3
121	33	0	3.025	-0.979455635	-0.932820787	-0.984624963	-0.885777247	0.098847716	0.118413622	100	0	0	0	3
122	33	0	3.05	-1.00570938	-0.938413129	-1.00570938	-0.885777247	0.110197968	0.118413622	100	0	0	0	3
123	33	0	3.075	-1.00256741	-0.943151991	-1.00570938	-0.885777247	0.110984112	0.118413622	100	0	0	0	3
124	34	0	3.1	-0.998809635	-0.947506695	-1.00570938	-0.885777247	0.11199596	0.118413622	100	0	0	0	3
125	34	0	3.125	-1.00003172	-0.952947384	-1.00570938	-0.896644857	0.109064527	0.118413622	100	0	0	0	3
126	34	0	3.15	-1.03063088	-0.959327671	-1.03063088	-0.899904847	0.113881073	0.118413622	100	0	0	0	3
127	34	0	3.175	-1.02964454	-0.965505752	-1.03063088	-0.911807874	0.114764903	0.118413622	100	0	0	0	3
128	35	0	3.2	-1.01510603	-0.970424711	-1.03063088	-0.911887483	0.114624473	0.118413622	100	0	0	0	3
129	35	0	3.225	-1.01107656	-0.97472529	-1.03063088	-0.911887483	0.113063447	0.118413622	100	0	0	0	3
130	35	0	3.25	-1.04797265	-0.98024327	-1.04797265	-0.911887483	0.113512384	0.118413622	100	0	0	0	3
131	36	0	3.275	-1.01938812	-0.985362348	-1.04797265	-0.919429048	0.113095818	0.118413622	100	0	0	0	3
132	36	0	3.3	-1.03482411	-0.990857351	-1.04797265	-0.936505388	0.111467267	0.118413622	100	0	0	0	3
133	36	0	3.325	-1.02053447	-0.994858736	-1.04797265	-0.946403809	0.101568846	0.118413622	100	0	0	0	3
134	36	0	3.35	-1.05087858	-0.999833725	-1.05087858	-0.946898693	0.103979887	0.118413622	100	0	0	0	3
135	37	0	3.375	-1.02910562	-1.00373712	-1.05087858	-0.946898693	0.103979887	0.118413622	100	0	0	0	3
136	37	0	3.4	-1.03389722	-1.00787991	-1.05087858	-0.956580958	0.0942976225	0.118413622	100	0	0	0	3
137	37	0	3.425	-1.01469161	-1.01064708	-1.05087858	-0.957225533	0.0936530476	0.118413622	100	0	0	0	3
138	37	0	3.45	-1.0486516	-1.0150007	-1.05087858	-0.977888401	0.0729901797	0.118413622	100	0	0	0	3
139	38	0	3.475	-1.04512993	-1.01812472	-1.05087858	-0.977888401	0.0729901797	0.118413622	100	0	0	0	3
140	38	0	3.5	-1.06164391	-1.02179229	-1.06164391	-0.977888401	0.0837555066	0.118413622	100	0	0	0	3
141	38	0	3.525	-1.02696708	-1.02412937	-1.06164391	-0.979455635	0.0821882731	0.118413622	100	0	0	0	3
142	39	0	3.55	-1.03491502	-1.02677029	-1.06164391	-0.998809635	0.0628342726	0.118413622	100	0	0	0	3
143	39	0	3.575	-1.03484829	-1.02815786	-1.06164391	-0.998809635	0.0628342726	0.118413622	100	0	0	0	3
144	39	0	3.6	-1.07623063	-1.03166563	-1.07623063	-0.998809635	0.0774209909	0.118413622	100	0	0	0	3
145	39	0	3.625	-1.05031843	-1.03411843	-1.07623063	-1.00003172	0.0761989098	0.118413622	100	0	0	0	3
146	40	0	3.65	-1.08448164	-1.03813985	-1.08448164	-1.01107656	0.0734050814	0.118413622	100	0	0	0	3
