Iteration	CPUTime	PhysTime	Travels	Value	AvValue	MinValue	MaxValue	Delta	Criteria	Progress	dGMaxMin	CriteriaType	CriteriaVarType	CriteriaPercentage
1	2	0	0.025	0.0776494135	0.0776494135	0.0776494135	0.0776494135	0	0	0	0	0	0	3
2	2	0	0.05	-0.0968290966	-0.00958984154	-0.0968290966	0.0776494135	0.087239255	0	0	0	0	0	3
3	2	0	0.075	-0.0615682891	-0.0269159907	-0.0968290966	0.0776494135	0.104565404	0	0	0	0	0	3
4	2	0	0.1	-0.00906218632	-0.0224525396	-0.0968290966	0.0776494135	0.104565404	0	0	0	0	0	3
5	3	0	0.125	0.0427434248	-0.00941334673	-0.0968290966	0.0776494135	0.104565404	0	0	0	0	0	3
6	3	0	0.15	0.0375216417	-0.00159084867	-0.0968290966	0.0776494135	0.104565404	0	0	0	0	0	3
7	3	0	0.175	0.0439081322	0.00490900575	-0.0968290966	0.0776494135	0.104565404	0	0	0	0	0	3
8	3	0	0.2	0.0151429572	0.00618824968	-0.0968290966	0.0776494135	0.104565404	0	0	0	0	0	3
9	4	0	0.225	0.00794158759	0.006383065	-0.0968290966	0.0776494135	0.104565404	0	0	0	0	0	3
10	4	0	0.25	0.0135664086	0.00710139937	-0.0968290966	0.0776494135	0.104565404	0	0	0	0	0	3
11	4	0	0.275	0.0971611834	0.0152886525	-0.0968290966	0.0971611834	0.104565404	0	0	0	0	0	3
12	4	0	0.3	0.225125688	0.0327750721	-0.0968290966	0.225125688	0.104565404	0	0	0	0	0	3
13	4	0	0.325	0.588253583	0.0755041883	-0.0968290966	0.588253583	0.104565404	0	0	0	0	0	3
14	5	0	0.35	1.19505715	0.155472257	-0.0968290966	1.19505715	0.182388247	0	0	0	0	0	3
15	5	0	0.375	2.06231841	0.282595334	-0.0968290966	2.06231841	0.309511324	0	0	0	0	0	3
16	5	0	0.4	2.98880016	0.451733136	-0.0968290966	2.98880016	0.478649126	0	0	0	0	0	3
17	5	0	0.425	4.57165819	0.694081668	-0.0968290966	4.57165819	0.720997659	0	0	0	0	0	3
18	6	0	0.45	6.44794525	1.01374076	-0.0968290966	6.44794525	1.04065675	0	0	0	0	0	3
19	6	0	0.475	8.34269281	1.39947508	-0.0968290966	8.34269281	1.42639107	0	0	0	0	0	3
20	6	0	0.5	9.77893006	1.81844782	-0.0968290966	9.77893006	1.84536381	0	0	0	0	0	3
21	6	0	0.525	10.6955528	2.34934299	-0.0968290966	10.6955528	2.37625898	0	0	0	0	0	3
22	7	0	0.55	11.8390574	2.94613732	-0.0615682891	11.8390574	2.97305331	0	0	0	0	0	3
23	7	0	0.575	12.6822199	3.58332673	-0.00906218632	12.6822199	3.60577927	0	0	0	0	0	3
24	7	0	0.6	13.0603986	4.23679977	0.00794158759	13.0603986	4.24621311	0	0	0	0	0	3
25	7	0	0.625	12.8902324	4.87917422	0.00794158759	13.0603986	4.88076506	0	0	0	0	0	3
26	8	0	0.65	12.8093912	5.51776769	0.00794158759	13.0603986	5.51285869	0	0	0	0	0	3
27	8	0	0.675	12.649707	6.14805763	0.00794158759	13.0603986	6.14186938	0	0	0	0	0	3
28	8	0	0.7	12.7775652	6.78617874	0.00794158759	13.0603986	6.77979568	0	0	0	0	0	3
29	8	0	0.725	12.7354873	7.42255603	0.0135664086	13.0603986	7.41545463	0	0	0	0	0	3
30	8	0	0.75	12.9403704	8.06889623	0.0971611834	13.0603986	8.05360758	0	0	0	0	0	3
31	10	0	0.775	12.8618661	8.70713148	0.225125688	13.0603986	8.6743564	0	0	0	0	0	3
32	10	0	0.8	12.9997526	9.34586282	0.588253583	13.0603986	9.27035863	0	0	0	0	0	3
33	10	0	0.825	12.8848041	9.96069035	1.19505715	13.0603986	9.80521809	0	0	0	0	0	3
34	11	0	0.85	12.7774966	10.5398123	2.06231841	13.0603986	10.257217	0	0	0	0	0	3
35	11	0	0.875	12.7193895	11.0726659	2.98880016	13.0603986	10.0715985	0	0	0	0	0	3
36	11	0	0.9	12.6973409	11.5580929	4.57165819	13.0603986	8.48874045	0	0	0	0	0	3
37	11	0	0.925	12.5165744	11.9553387	6.44794525	13.0603986	6.61245339	0	0	0	0	0	3
38	11	0	0.95	12.65677	12.26578	8.34269281	13.0603986	4.71770583	0	0	0	0	0	3
39	12	0	0.975	12.5716498	12.4772278	9.77893006	13.0603986	3.28146859	0	0	0	0	0	3
40	12	0	1	12.5268859	12.6146256	10.6955528	13.0603986	2.36484587	1.96829504	83.2	0	0	0	3
41	12	0	1.025	12.6090744	12.7103017	11.8390574	13.0603986	1.22134122	1.96829504	100	0	0	0	3
42	12	0	1.05	12.6401583	12.7503567	12.5165744	13.0603986	0.543824227	1.96829504	100	0	0	0	3
43	13	0	1.075	12.5689642	12.7446939	12.5165744	13.0603986	0.543824227	1.96829504	100	0	0	0	3
44	13	0	1.1	12.5417881	12.7350318	12.5165744	13.0603986	0.543824227	1.96829504	100	0	0	0	3
45	13	0	1.125	12.6165349	12.7138954	12.5165744	12.9997526	0.483178204	1.96829504	100	0	0	0	3
46	14	0	1.15	12.5771911	12.6989887	12.5165744	12.9997526	0.483178204	1.96829504	100	0	0	0	3
47	14	0	1.175	12.5220268	12.6853046	12.5165744	12.9997526	0.483178204	1.96829504	100	0	0	0	3
48	14	0	1.2	12.5388195	12.6800243	12.5165744	12.9997526	0.483178204	1.96829504	100	0	0	0	3
49	14	0	1.225	12.5101648	12.6672909	12.5101648	12.9997526	0.489587842	1.96829504	100	0	0	0	3
50	14	0	1.25	12.4974941	12.6559579	12.4974941	12.9997526	0.502258504	1.96829504	100	0	0	0	3
51	15	0	1.275	12.4817561	12.6341192	12.4817561	12.9997526	0.517996547	1.96829504	100	0	0	0	3
52	15	0	1.3	12.4528556	12.6146425	12.4528556	12.9997526	0.546897031	1.96829504	100	0	0	0	3
53	15	0	1.325	12.4034208	12.5862457	12.4034208	12.8848041	0.48138339	1.96829504	100	0	0	0	3
54	15	0	1.35	12.4259236	12.5643943	12.4034208	12.7774966	0.374075858	1.96829504	100	0	0	0	3
55	16	0	1.375	12.3846113	12.5456854	12.3846113	12.7193895	0.334778197	1.96829504	100	0	0	0	3
56	16	0	1.4	12.4068842	12.5308042	12.3846113	12.6973409	0.312729583	1.96829504	100	0	0	0	3
57	16	0	1.425	12.3472347	12.5141325	12.3472347	12.65677	0.309535369	1.96829504	100	0	0	0	3
58	16	0	1.45	12.3217699	12.5048561	12.3217699	12.65677	0.335000136	1.96829504	100	0	0	0	3
59	16	0	1.475	12.2703328	12.4864543	12.2703328	12.6401583	0.273128917	1.96829504	100	0	0	0	3
60	17	0	1.5	12.2419593	12.4707548	12.2419593	12.6401583	0.279601953	1.96829504	100	0	0	0	3
61	17	0	1.525	12.1916625	12.4547918	12.1916625	12.6401583	0.295564975	1.96829504	100	0	0	0	3
62	17	0	1.55	12.1882909	12.4347544	12.1882909	12.6401583	0.315602281	1.96829504	100	0	0	0	3
63	17	0	1.575	12.1554275	12.411672	12.1554275	12.6165349	0.333021919	1.96829504	100	0	0	0	3
64	18	0	1.6	12.2051332	12.3943467	12.1554275	12.6165349	0.340685018	1.96829504	100	0	0	0	3
65	18	0	1.625	12.132401	12.3748521	12.132401	12.6165349	0.339043268	1.96829504	100	0	0	0	3
66	18	0	1.65	12.1391652	12.3521202	12.132401	12.5771911	0.346868432	1.96829504	100	0	0	0	3
67	18	0	1.675	12.1127181	12.3300025	12.1127181	12.5388195	0.355302177	1.96829504	100	0	0	0	3
68	19	0	1.7	12.1491756	12.3122476	12.1127181	12.5388195	0.367776642	1.96829504	100	0	0	0	3
69	19	0	1.725	12.0951122	12.2911187	12.0951122	12.5101648	0.37617221	1.96829504	100	0	0	0	3
70	19	0	1.75	12.0959081	12.2713922	12.0951122	12.4974941	0.384565709	1.96829504	100	0	0	0	3
71	19	0	1.775	12.0873279	12.2518605	12.0873279	12.4817561	0.382258656	1.96829504	100	0	0	0	3
72	20	0	1.8	12.081456	12.2327986	12.081456	12.4528556	0.371399612	1.96829504	100	0	0	0	3
73	20	0	1.825	12.0745971	12.2147863	12.0745971	12.4259236	0.351326549	1.96829504	100	0	0	0	3
74	20	0	1.85	12.0214863	12.1965989	12.0214863	12.4259236	0.36779533	1.96829504	100	0	0	0	3
75	20	0	1.875	11.9493209	12.1739036	11.9493209	12.4068842	0.371781876	1.96829504	100	0	0	0	3
76	21	0	1.9	11.9838764	12.1548209	11.9493209	12.4068842	0.375983285	1.96829504	100	0	0	0	3
77	21	0	1.925	11.9806176	12.1345225	11.9493209	12.3472347	0.379609968	1.96829504	100	0	0	0	3
78	21	0	1.95	11.9472604	12.1154761	11.9472604	12.3217699	0.374509461	1.96829504	100	0	0	0	3
79	21	0	1.975	11.9313934	12.0968868	11.9313934	12.2703328	0.338939422	1.96829504	100	0	0	0	3
80	22	0	2	11.9870368	12.0833965	11.9313934	12.2419593	0.3105659	1.96829504	100	0	0	0	3
81	22	0	2.025	11.9415505	12.0690913	11.9313934	12.2051332	0.273739787	1.96829504	100	0	0	0	3
82	22	0	2.05	11.9218399	12.0562426	11.9218399	12.2051332	0.283293269	1.96829504	100	0	0	0	3
83	22	0	2.075	11.8568687	12.0404606	11.8568687	12.2051332	0.348264486	1.96829504	100	0	0	0	3
84	23	0	2.1	11.8822616	12.0274527	11.8568687	12.2051332	0.348264486	1.96829504	100	0	0	0	3
85	23	0	2.125	11.8654825	12.0112789	11.8568687	12.1491756	0.292306882	1.96829504	100	0	0	0	3
86	23	0	2.15	11.8545749	11.9980491	11.8545749	12.1491756	0.294600674	1.96829504	100	0	0	0	3
87	23	0	2.175	11.7990721	11.9818541	11.7990721	12.1491756	0.34814832	1.96829504	100	0	0	0	3
88	24	0	2.2	11.8028664	11.9670993	11.7990721	12.1491756	0.345148346	1.96829504	100	0	0	0	3
89	24	0	2.225	11.7806896	11.9495524	11.7806896	12.0959081	0.315218521	1.96829504	100	0	0	0	3
90	24	0	2.25	11.7101463	11.9312206	11.7101463	12.0959081	0.340171583	1.96829504	100	0	0	0	3
91	24	0	2.275	11.7378911	11.9141722	11.7101463	12.0873279	0.337688285	1.96829504	100	0	0	0	3
92	25	0	2.3	11.7157177	11.8964765	11.7101463	12.081456	0.336322101	1.96829504	100	0	0	0	3
93	25	0	2.325	11.6322427	11.8750854	11.6322427	12.0745971	0.339700899	1.96829504	100	0	0	0	3
94	25	0	2.35	11.6494326	11.8548395	11.6322427	12.0214863	0.341759472	1.96829504	100	0	0	0	3
95	26	0	2.375	11.6234232	11.8358841	11.6234232	11.9870368	0.338019489	1.96829504	100	0	0	0	3
96	26	0	2.4	11.62985	11.8206712	11.6234232	11.9870368	0.334149773	1.96829504	100	0	0	0	3
97	26	0	2.425	11.6062476	11.8026888	11.6062476	11.9870368	0.331833687	1.96829504	100	0	0	0	3
98	27	0	2.45	11.5894508	11.7840619	11.5894508	11.9870368	0.331414289	1.96829504	100	0	0	0	3
99	27	0	2.475	11.5221171	11.7638169	11.5221171	11.9870368	0.333069852	1.96829504	100	0	0	0	3
100	27	0	2.5	11.5555524	11.7459197	11.5221171	11.9870368	0.337476756	1.96829504	100	0	0	0	3
101	27	0	2.525	11.5280984	11.7240655	11.5221171	11.9415505	0.345025785	1.96829504	100	0	0	0	3
102	28	0	2.55	11.5249914	11.7042294	11.5221171	11.9218399	0.352013241	1.96829504	100	0	0	0	3
103	28	0	2.575	11.4301479	11.6808155	11.4301479	11.8822616	0.359645136	1.96829504	100	0	0	0	3
104	28	0	2.6	11.4551844	11.6616877	11.4301479	11.8822616	0.365765062	1.96829504	100	0	0	0	3
105	29	0	2.625	11.4296414	11.6401343	11.4296414	11.8654825	0.371144564	1.96829504	100	0	0	0	3
106	29	0	2.65	11.4703557	11.6213187	11.4296414	11.8545749	0.376730312	1.96829504	100	0	0	0	3
107	29	0	2.675	11.416448	11.6004556	11.416448	11.8028664	0.381398588	1.96829504	100	0	0	0	3
108	29	0	2.7	11.4335453	11.5830495	11.416448	11.8028664	0.384049782	1.96829504	100	0	0	0	3
109	30	0	2.725	11.3451138	11.5612518	11.3451138	11.7806896	0.388300571	1.96829504	100	0	0	0	3
110	30	0	2.75	11.4165958	11.543914	11.3451138	11.7378911	0.387306657	1.96829504	100	0	0	0	3
111	30	0	2.775	11.3288929	11.5257591	11.3288929	11.7378911	0.388413152	1.96829504	100	0	0	0	3
112	30	0	2.8	11.3787549	11.5086573	11.3288929	11.7157177	0.386824791	1.96829504	100	0	0	0	3
113	31	0	2.825	11.2998278	11.4888531	11.2998278	11.6494326	0.349604836	1.96829504	100	0	0	0	3
114	31	0	2.85	11.3358196	11.4747377	11.2998278	11.6494326	0.349604836	1.96829504	100	0	0	0	3
115	31	0	2.875	11.286233	11.4574425	11.286233	11.62985	0.343616958	1.96829504	100	0	0	0	3
116	31	0	2.9	11.3216929	11.4430743	11.286233	11.62985	0.343616958	1.96829504	100	0	0	0	3
117	32	0	2.925	11.2760962	11.4262289	11.2760962	11.6062476	0.330151439	1.96829504	100	0	0	0	3
118	32	0	2.95	11.2715541	11.4102911	11.2715541	11.5894508	0.317896694	1.96829504	100	0	0	0	3
119	32	0	2.975	11.1969932	11.3916027	11.1969932	11.5555524	0.358559173	1.96829504	100	0	0	0	3
120	32	0	3	11.2682225	11.3795125	11.1969932	11.5555524	0.358559173	1.96829504	100	0	0	0	3
121	33	0	3.025	11.2120812	11.3631567	11.1969932	11.5280984	0.331105196	1.96829504	100	0	0	0	3
122	33	0	3.05	11.189788	11.3470467	11.189788	11.5249914	0.335203454	1.96829504	100	0	0	0	3
123	33	0	3.075	11.1803722	11.3306362	11.1803722	11.4703557	0.289983522	1.96829504	100	0	0	0	3
124	34	0	3.1	11.1899625	11.3191988	11.1803722	11.4703557	0.289983522	1.96829504	100	0	0	0	3
125	34	0	3.125	11.1246227	11.3034578	11.1246227	11.4703557	0.336676514	1.96829504	100	0	0	0	3
126	34	0	3.15	11.1127869	11.2883695	11.1127869	11.4703557	0.332949261	1.96829504	100	0	0	0	3
127	34	0	3.175	11.0453916	11.2681331	11.0453916	11.4335453	0.332322461	1.96829504	100	0	0	0	3
128	35	0	3.2	11.1006378	11.2530945	11.0453916	11.4335453	0.329955003	1.96829504	100	0	0	0	3
129	35	0	3.225	11.0505572	11.234857	11.0453916	11.4165958	0.326394789	1.96829504	100	0	0	0	3
130	35	0	3.25	11.0030746	11.2185694	11.0030746	11.4165958	0.325344571	1.96829504	100	0	0	0	3
131	36	0	3.275	10.9685128	11.1972321	10.9685128	11.3787549	0.328526933	1.96829504	100	0	0	0	3
132	36	0	3.3	10.9982841	11.1814889	10.9685128	11.3787549	0.327168484	1.96829504	100	0	0	0	3
133	36	0	3.325	10.9888253	11.1629208	10.9685128	11.3358196	0.325932283	1.96829504	100	0	0	0	3
134	36	0	3.35	10.9922316	11.1482733	10.9685128	11.3358196	0.326464334	1.96829504	100	0	0	0	3
135	37	0	3.375	10.9215219	11.1285449	10.9215219	11.3216929	0.328897579	1.96829504	100	0	0	0	3
136	37	0	3.4	10.9701807	11.1134948	10.9215219	11.3216929	0.329579578	1.96829504	100	0	0	0	3
137	37	0	3.425	10.9285025	11.0947714	10.9215219	11.2760962	0.33145751	1.96829504	100	0	0	0	3
138	37	0	3.45	10.9027635	11.0769937	10.9027635	11.2715541	0.333297469	1.96829504	100	0	0	0	3
139	38	0	3.475	10.892279	11.0589329	10.892279	11.2682225	0.332669733	1.96829504	100	0	0	0	3
140	38	0	3.5	10.9002886	11.0448042	10.892279	11.2682225	0.334708304	1.96829504	100	0	0	0	3
141	38	0	3.525	10.7896792	11.0220164	10.7896792	11.2120812	0.341140308	1.96829504	100	0	0	0	3
142	39	0	3.55	10.8253543	11.0036008	10.7896792	11.1899625	0.34344585	1.96829504	100	0	0	0	3
143	39	0	3.575	10.8071556	10.9853802	10.7896792	11.1899625	0.345255998	1.96829504	100	0	0	0	3
144	39	0	3.6	10.8305226	10.9687207	10.7896792	11.1899625	0.350478104	1.96829504	100	0	0	0	3
145	39	0	3.625	10.8045528	10.9503679	10.7896792	11.1246227	0.334943499	1.96829504	100	0	0	0	3
146	40	0	3.65	10.7717231	10.9335631	10.7717231	11.1127869	0.341063809	1.96829504	100	0	0	0	3
