Iteration	CPUTime	PhysTime	Travels	Value	AvValue	MinValue	MaxValue	Delta	Criteria	Progress	dGMaxMin	CriteriaType	CriteriaVarType	CriteriaPercentage
1	2	0	0.025	-0.180475845	-0.180475845	-0.180475845	-0.180475845	0	0	0	0	0	0	3
2	2	0	0.05	0.244135414	0.0318297842	-0.180475845	0.244135414	0.212305629	0	0	0	0	0	3
3	2	0	0.075	0.0788218187	0.0474937957	-0.180475845	0.244135414	0.227969641	0	0	0	0	0	3
4	2	0	0.1	-0.0108334597	0.0329119819	-0.180475845	0.244135414	0.227969641	0	0	0	0	0	3
5	3	0	0.125	-0.0431972284	0.0176901398	-0.180475845	0.244135414	0.227969641	0	0	0	0	0	3
6	3	0	0.15	-0.0379862381	0.00841074348	-0.180475845	0.244135414	0.227969641	0	0	0	0	0	3
7	3	0	0.175	-0.0545758402	-0.000587339902	-0.180475845	0.244135414	0.227969641	0	0	0	0	0	3
8	3	0	0.2	-0.00655535018	-0.00133334119	-0.180475845	0.244135414	0.227969641	0	0	0	0	0	3
9	4	0	0.225	-0.020527876	-0.00346606728	-0.180475845	0.244135414	0.227969641	0	0	0	0	0	3
10	4	0	0.25	-0.0102855762	-0.00414801817	-0.180475845	0.244135414	0.227969641	0	0	0	0	0	3
11	4	0	0.275	-0.17776186	-0.0199310947	-0.180475845	0.244135414	0.227969641	0	0	0	0	0	3
12	4	0	0.3	-0.513078385	-0.0610267023	-0.513078385	0.244135414	0.227969641	0	0	0	0	0	3
13	4	0	0.325	-1.55313639	-0.17580437	-1.55313639	0.244135414	0.227969641	0	0	0	0	0	3
14	5	0	0.35	-3.31571323	-0.400083575	-3.31571323	0.244135414	0.447577371	0	0	0	0	0	3
15	5	0	0.375	-5.66222908	-0.750893276	-5.66222908	0.244135414	0.798387071	0	0	0	0	0	3
16	5	0	0.4	-8.15655107	-1.21374689	-8.15655107	0.244135414	1.26124068	0	0	0	0	0	3
17	5	0	0.425	-11.4835997	-1.81785588	-11.4835997	0.244135414	1.86534967	0	0	0	0	0	3
18	6	0	0.45	-15.4594579	-2.57572266	-15.4594579	0.244135414	2.62321645	0	0	0	0	0	3
19	6	0	0.475	-19.1799801	-3.44963094	-19.1799801	0.244135414	3.49712474	0	0	0	0	0	3
20	6	0	0.5	-22.4111865	-4.39770872	-22.4111865	0.244135414	4.44520252	0	0	0	0	0	3
21	6	0	0.525	-24.2525444	-5.60131215	-24.2525444	0.244135414	5.64880594	0	0	0	0	0	3
22	7	0	0.55	-25.9451833	-6.91077808	-25.9451833	0.0788218187	6.95827188	0	0	0	0	0	3
23	7	0	0.575	-27.7060059	-8.30001946	-27.7060059	-0.00655535018	8.33293145	0	0	0	0	0	3
24	7	0	0.6	-29.2352884	-9.76124221	-29.2352884	-0.00655535018	9.77893235	0	0	0	0	0	3
25	7	0	0.625	-30.2802397	-11.2730943	-30.2802397	-0.00655535018	11.2815051	0	0	0	0	0	3
26	8	0	0.65	-30.7347239	-12.8079312	-30.7347239	-0.00655535018	12.8073439	0	0	0	0	0	3
27	8	0	0.675	-30.904966	-14.3504507	-30.904966	-0.00655535018	14.3491174	0	0	0	0	0	3
28	8	0	0.7	-31.1765772	-15.9089518	-31.1765772	-0.0102855762	15.9054858	0	0	0	0	0	3
29	8	0	0.725	-31.0754024	-17.4616955	-31.1765772	-0.0102855762	17.4575475	0	0	0	0	0	3
30	8	0	0.75	-31.2631049	-19.0243365	-31.2631049	-0.17776186	19.0044054	0	0	0	0	0	3
31	10	0	0.775	-31.2087828	-20.5758876	-31.2631049	-0.513078385	20.5148609	0	0	0	0	0	3
32	10	0	0.8	-31.0717673	-22.103822	-31.2631049	-1.55313639	21.9280176	0	0	0	0	0	3
33	10	0	0.825	-31.1268829	-23.5825093	-31.2631049	-3.31571323	23.1824258	0	0	0	0	0	3
34	11	0	0.85	-31.2366294	-24.9785551	-31.2631049	-5.66222908	24.2276619	0	0	0	0	0	3
35	11	0	0.875	-30.9677536	-26.2438314	-31.2631049	-8.15655107	23.1065538	0	0	0	0	0	3
36	11	0	0.9	-31.1434182	-27.3931747	-31.2631049	-11.4835997	19.7795052	0	0	0	0	0	3
37	11	0	0.925	-31.1677732	-28.3773834	-31.2631049	-15.4594579	15.803647	0	0	0	0	0	3
38	11	0	0.95	-31.1164711	-29.1602341	-31.2631049	-19.1799801	12.0831248	0	0	0	0	0	3
39	12	0	0.975	-31.0559739	-29.7540337	-31.2631049	-22.4111865	8.85191842	0	0	0	0	0	3
40	12	0	1	-31.1675352	-30.1918512	-31.2631049	-24.2525444	7.01056053	4.70128901	67	0	0	0	3
41	12	0	1.025	-31.1473511	-30.5365915	-31.2631049	-25.9451833	5.31792165	4.70128901	88.4	0	0	0	3
42	12	0	1.05	-31.008535	-30.7897591	-31.2631049	-27.7060059	3.55709904	4.70128901	100	0	0	0	3
43	13	0	1.075	-31.1062592	-30.9597718	-31.2631049	-29.2352884	2.02781651	4.70128901	100	0	0	0	3
44	13	0	1.1	-31.2173678	-30.9720382	-31.2631049	-29.2352884	2.02781651	4.70128901	100	0	0	0	3
45	13	0	1.125	-31.2478239	-31.0678733	-31.2631049	-30.2802397	0.98286519	4.70128901	100	0	0	0	3
46	14	0	1.15	-31.1744422	-31.1104543	-31.2631049	-30.7347239	0.528380982	4.70128901	100	0	0	0	3
47	14	0	1.175	-31.2031742	-31.1327615	-31.2631049	-30.904966	0.358138892	4.70128901	100	0	0	0	3
48	14	0	1.2	-31.2561026	-31.1494823	-31.2631049	-30.9677536	0.295351347	4.70128901	100	0	0	0	3
49	14	0	1.225	-31.3457194	-31.1575367	-31.3457194	-30.9677536	0.377965794	4.70128901	100	0	0	0	3
50	14	0	1.25	-31.1998404	-31.1634623	-31.3457194	-30.9677536	0.377965794	4.70128901	100	0	0	0	3
51	15	0	1.275	-31.2479542	-31.1627408	-31.3457194	-30.9677536	0.377965794	4.70128901	100	0	0	0	3
52	15	0	1.3	-31.3243341	-31.1682433	-31.3457194	-30.9677536	0.377965794	4.70128901	100	0	0	0	3
53	15	0	1.325	-31.3237653	-31.1802432	-31.3457194	-30.9677536	0.377965794	4.70128901	100	0	0	0	3
54	15	0	1.35	-31.446604	-31.195468	-31.446604	-30.9677536	0.478850407	4.70128901	100	0	0	0	3
55	16	0	1.375	-31.4292397	-31.2046399	-31.446604	-30.9677536	0.478850407	4.70128901	100	0	0	0	3
56	16	0	1.4	-31.5214278	-31.2310054	-31.5214278	-31.008535	0.512892785	4.70128901	100	0	0	0	3
57	16	0	1.425	-31.4912724	-31.2475698	-31.5214278	-31.008535	0.512892785	4.70128901	100	0	0	0	3
58	16	0	1.45	-31.4201739	-31.2595889	-31.5214278	-31.008535	0.512892785	4.70128901	100	0	0	0	3
59	16	0	1.475	-31.3217337	-31.2693633	-31.5214278	-31.008535	0.512892785	4.70128901	100	0	0	0	3
60	17	0	1.5	-31.3298976	-31.2824073	-31.5214278	-31.008535	0.512892785	4.70128901	100	0	0	0	3
61	17	0	1.525	-31.2928939	-31.2883768	-31.5214278	-31.008535	0.512892785	4.70128901	100	0	0	0	3
62	17	0	1.55	-31.3560873	-31.2983166	-31.5214278	-31.008535	0.508557491	4.70128901	100	0	0	0	3
63	17	0	1.575	-31.3989716	-31.3169088	-31.5214278	-31.1062592	0.357137044	4.70128901	100	0	0	0	3
64	18	0	1.6	-31.2938094	-31.3258398	-31.5214278	-31.1744422	0.346985536	4.70128901	100	0	0	0	3
65	18	0	1.625	-31.4122685	-31.3351208	-31.5214278	-31.1744422	0.267247489	4.70128901	100	0	0	0	3
66	18	0	1.65	-31.2737333	-31.3363545	-31.5214278	-31.1744422	0.225900197	4.70128901	100	0	0	0	3
67	18	0	1.675	-31.3054477	-31.3425929	-31.5214278	-31.1998404	0.209831396	4.70128901	100	0	0	0	3
68	19	0	1.7	-31.2971336	-31.3470672	-31.5214278	-31.1998404	0.19758486	4.70128901	100	0	0	0	3
69	19	0	1.725	-31.3792591	-31.3529317	-31.5214278	-31.1998404	0.195395069	4.70128901	100	0	0	0	3
70	19	0	1.75	-31.4496488	-31.3578808	-31.5214278	-31.1998404	0.195139928	4.70128901	100	0	0	0	3
71	19	0	1.775	-31.5309136	-31.3736462	-31.5309136	-31.2479542	0.210905314	4.70128901	100	0	0	0	3
72	20	0	1.8	-31.4968308	-31.3854974	-31.5309136	-31.2737333	0.217254139	4.70128901	100	0	0	0	3
73	20	0	1.825	-31.427069	-31.3903896	-31.5309136	-31.2737333	0.210146375	4.70128901	100	0	0	0	3
74	20	0	1.85	-31.3147276	-31.3899592	-31.5309136	-31.2737333	0.194921561	4.70128901	100	0	0	0	3
75	20	0	1.875	-31.4466845	-31.389963	-31.5309136	-31.2737333	0.185749641	4.70128901	100	0	0	0	3
76	21	0	1.9	-31.469678	-31.3918887	-31.5309136	-31.2737333	0.160883306	4.70128901	100	0	0	0	3
77	21	0	1.925	-31.5673824	-31.394077	-31.5673824	-31.2737333	0.146507133	4.70128901	100	0	0	0	3
78	21	0	1.95	-31.5376169	-31.3962839	-31.5673824	-31.2737333	0.136694932	4.70128901	100	0	0	0	3
79	21	0	1.975	-31.5852854	-31.4041463	-31.5852854	-31.2737333	0.134782976	4.70128901	100	0	0	0	3
80	22	0	2	-31.5400125	-31.4145405	-31.5852854	-31.2737333	0.132133221	4.70128901	100	0	0	0	3
81	22	0	2.025	-31.4749707	-31.4214488	-31.5852854	-31.2737333	0.133072005	4.70128901	100	0	0	0	3
82	22	0	2.05	-31.5237098	-31.43244	-31.5852854	-31.2737333	0.134123421	4.70128901	100	0	0	0	3
83	22	0	2.075	-31.6048936	-31.4442879	-31.6048936	-31.2737333	0.127379122	4.70128901	100	0	0	0	3
84	23	0	2.1	-31.6205686	-31.4548402	-31.6205686	-31.2737333	0.129000402	4.70128901	100	0	0	0	3
85	23	0	2.125	-31.633384	-31.4710104	-31.633384	-31.2737333	0.135889636	4.70128901	100	0	0	0	3
86	23	0	2.15	-31.5391318	-31.4770515	-31.633384	-31.2737333	0.140696964	4.70128901	100	0	0	0	3
87	23	0	2.175	-31.5585457	-31.490614	-31.633384	-31.2971336	0.148021104	4.70128901	100	0	0	0	3
88	24	0	2.2	-31.604701	-31.5048642	-31.633384	-31.2971336	0.157797004	4.70128901	100	0	0	0	3
89	24	0	2.225	-31.648144	-31.5215789	-31.648144	-31.3147276	0.168647192	4.70128901	100	0	0	0	3
90	24	0	2.25	-31.561499	-31.530257	-31.648144	-31.3147276	0.172376262	4.70128901	100	0	0	0	3
91	24	0	2.275	-31.5123577	-31.5332432	-31.648144	-31.3147276	0.159597016	4.70128901	100	0	0	0	3
92	25	0	2.3	-31.4157706	-31.5277602	-31.648144	-31.3147276	0.14774575	4.70128901	100	0	0	0	3
93	25	0	2.325	-31.6270254	-31.5339599	-31.648144	-31.3147276	0.144000725	4.70128901	100	0	0	0	3
94	25	0	2.35	-31.6379479	-31.5440018	-31.648144	-31.3147276	0.154042577	4.70128901	100	0	0	0	3
95	26	0	2.375	-31.6701836	-31.5609282	-31.6701836	-31.4157706	0.170965217	4.70128901	100	0	0	0	3
96	26	0	2.4	-31.6459631	-31.5704177	-31.6701836	-31.4157706	0.178529041	4.70128901	100	0	0	0	3
97	26	0	2.425	-31.6526171	-31.5791291	-31.6701836	-31.4157706	0.185052112	4.70128901	100	0	0	0	3
98	27	0	2.45	-31.6719276	-31.5841074	-31.6719276	-31.4157706	0.187823579	4.70128901	100	0	0	0	3
99	27	0	2.475	-31.7153123	-31.5925691	-31.7153123	-31.4157706	0.188422813	4.70128901	100	0	0	0	3
100	27	0	2.5	-31.726789	-31.5993074	-31.726789	-31.4157706	0.184766848	4.70128901	100	0	0	0	3
101	27	0	2.525	-31.6928669	-31.6065862	-31.726789	-31.4157706	0.185137387	4.70128901	100	0	0	0	3
102	28	0	2.55	-31.6121986	-31.6131208	-31.726789	-31.4157706	0.180680813	4.70128901	100	0	0	0	3
103	28	0	2.575	-31.7238915	-31.6226533	-31.726789	-31.4157706	0.178365353	4.70128901	100	0	0	0	3
104	28	0	2.6	-31.7687952	-31.6304581	-31.7687952	-31.4157706	0.17561795	4.70128901	100	0	0	0	3
105	29	0	2.625	-31.8426437	-31.6410331	-31.8426437	-31.4157706	0.170022732	4.70128901	100	0	0	0	3
106	29	0	2.65	-31.7698273	-31.6475304	-31.8426437	-31.4157706	0.170478925	4.70128901	100	0	0	0	3
107	29	0	2.675	-31.7629917	-31.6581904	-31.8426437	-31.4157706	0.167576427	4.70128901	100	0	0	0	3
108	29	0	2.7	-31.8416169	-31.67167	-31.8426437	-31.4157706	0.166805853	4.70128901	100	0	0	0	3
109	30	0	2.725	-31.8808475	-31.6848198	-31.8808475	-31.4157706	0.163240905	4.70128901	100	0	0	0	3
110	30	0	2.75	-31.8564928	-31.6947412	-31.8808475	-31.4157706	0.166981044	4.70128901	100	0	0	0	3
111	30	0	2.775	-31.8901926	-31.7103933	-31.8901926	-31.4157706	0.182633119	4.70128901	100	0	0	0	3
112	30	0	2.8	-31.8148616	-31.7247982	-31.8901926	-31.4157706	0.197038068	4.70128901	100	0	0	0	3
113	31	0	2.825	-31.8359741	-31.7448079	-31.8901926	-31.6121986	0.210848013	4.70128901	100	0	0	0	3
114	31	0	2.85	-31.8759781	-31.7566628	-31.8901926	-31.6121986	0.212661051	4.70128901	100	0	0	0	3
115	31	0	2.875	-31.9027709	-31.7692734	-31.9027709	-31.6121986	0.208345194	4.70128901	100	0	0	0	3
116	31	0	2.9	-31.8443859	-31.7775688	-31.9027709	-31.6121986	0.207151087	4.70128901	100	0	0	0	3
117	32	0	2.925	-31.823978	-31.7860457	-31.9027709	-31.6121986	0.206916598	4.70128901	100	0	0	0	3
118	32	0	2.95	-31.8684434	-31.7963231	-31.9027709	-31.6121986	0.212215698	4.70128901	100	0	0	0	3
119	32	0	2.975	-31.9033728	-31.8073443	-31.9033728	-31.6121986	0.21477521	4.70128901	100	0	0	0	3
120	32	0	3	-31.9413775	-31.8181093	-31.9413775	-31.6121986	0.218801951	4.70128901	100	0	0	0	3
121	33	0	3.025	-32.0300754	-31.8325515	-32.0300754	-31.6121986	0.225965377	4.70128901	100	0	0	0	3
122	33	0	3.05	-32.0206067	-31.8481582	-32.0300754	-31.6121986	0.23503737	4.70128901	100	0	0	0	3
123	33	0	3.075	-32.0053337	-31.8668789	-32.0300754	-31.7238915	0.244225626	4.70128901	100	0	0	0	3
124	34	0	3.1	-32.0192144	-31.8809419	-32.0300754	-31.7629917	0.250483785	4.70128901	100	0	0	0	3
125	34	0	3.125	-31.9815359	-31.8910724	-32.0300754	-31.7629917	0.25003929	4.70128901	100	0	0	0	3
126	34	0	3.15	-31.8896559	-31.8933111	-32.0300754	-31.7629917	0.245780664	4.70128901	100	0	0	0	3
127	34	0	3.175	-31.9098369	-31.8999782	-32.0300754	-31.7629917	0.24178779	4.70128901	100	0	0	0	3
128	35	0	3.2	-32.0240724	-31.9124106	-32.0300754	-31.8148616	0.215213761	4.70128901	100	0	0	0	3
129	35	0	3.225	-32.0568638	-31.9226605	-32.0568638	-31.8148616	0.237840642	4.70128901	100	0	0	0	3
130	35	0	3.25	-32.0272649	-31.9296327	-32.0568638	-31.8148616	0.234891524	4.70128901	100	0	0	0	3
131	36	0	3.275	-32.0107314	-31.9369774	-32.0568638	-31.8148616	0.226584144	4.70128901	100	0	0	0	3
132	36	0	3.3	-31.9861623	-31.9415474	-32.0568638	-31.8148616	0.216749183	4.70128901	100	0	0	0	3
133	36	0	3.325	-31.9686386	-31.9488701	-32.0568638	-31.823978	0.204062206	4.70128901	100	0	0	0	3
134	36	0	3.35	-32.0955173	-31.9612293	-32.0955173	-31.823978	0.204566519	4.70128901	100	0	0	0	3
135	37	0	3.375	-32.0973815	-31.9717724	-32.0973815	-31.823978	0.202498918	4.70128901	100	0	0	0	3
136	37	0	3.4	-32.1404926	-31.9830924	-32.1404926	-31.823978	0.20552365	4.70128901	100	0	0	0	3
137	37	0	3.425	-32.1154934	-31.9960023	-32.1404926	-31.823978	0.209956631	4.70128901	100	0	0	0	3
138	37	0	3.45	-32.1062037	-32.0094416	-32.1404926	-31.8684434	0.213118507	4.70128901	100	0	0	0	3
139	38	0	3.475	-31.9257225	-32.0121692	-32.1404926	-31.8896559	0.204824882	4.70128901	100	0	0	0	3
140	38	0	3.5	-32.0108886	-32.017289	-32.1404926	-31.8896559	0.199179672	4.70128901	100	0	0	0	3
141	38	0	3.525	-32.0688108	-32.0233573	-32.1404926	-31.8896559	0.190805718	4.70128901	100	0	0	0	3
142	39	0	3.55	-32.1157177	-32.0274355	-32.1404926	-31.8896559	0.179277271	4.70128901	100	0	0	0	3
143	39	0	3.575	-32.1169775	-32.0320246	-32.1404926	-31.8896559	0.165145641	4.70128901	100	0	0	0	3
144	39	0	3.6	-32.1011367	-32.0365866	-32.1404926	-31.8896559	0.155644697	4.70128901	100	0	0	0	3
145	39	0	3.625	-32.1236875	-32.0415615	-32.1404926	-31.8896559	0.150489098	4.70128901	100	0	0	0	3
146	40	0	3.65	-32.2675029	-32.055179	-32.2675029	-31.8896559	0.161867902	4.70128901	100	0	0	0	3
