Iteration	CPUTime	PhysTime	Travels	Value	AvValue	MinValue	MaxValue	Delta	Criteria	Progress	dGMaxMin	CriteriaType	CriteriaVarType	CriteriaPercentage
1	2	0	0.025	-0.00215610009	-0.00215610009	-0.00215610009	-0.00215610009	0	0	0	0	0	0	3
2	3	0	0.05	-0.00831583519	-0.00523596764	-0.00831583519	-0.00215610009	0.00307986755	0	0	0	0	0	3
3	3	0	0.075	0.00361202557	-0.00228663657	-0.00831583519	0.00361202557	0.00307986755	0	0	0	0	0	3
4	3	0	0.1	0.00312707454	-0.000933208795	-0.00831583519	0.00361202557	0.00430275885	0	0	0	0	0	3
5	3	0	0.125	0.00126286807	-0.000493993421	-0.00831583519	0.00361202557	0.00474197422	0	0	0	0	0	3
6	4	0	0.15	-0.000653369091	-0.000520556033	-0.00831583519	0.00361202557	0.00474197422	0	0	0	0	0	3
7	4	0	0.175	0.000256042223	-0.000409613425	-0.00831583519	0.00361202557	0.00482635422	0	0	0	0	0	3
8	4	0	0.2	-0.00141547373	-0.000535345962	-0.00831583519	0.00361202557	0.00482635422	0	0	0	0	0	3
9	4	0	0.225	-0.00170657757	-0.000665482808	-0.00831583519	0.00361202557	0.00482635422	0	0	0	0	0	3
10	5	0	0.25	-0.00347767936	-0.000946702464	-0.00831583519	0.00361202557	0.00482635422	0	0	0	0	0	3
11	5	0	0.275	-0.000541940505	-0.000909905922	-0.00831583519	0.00361202557	0.00482635422	0	0	0	0	0	3
12	5	0	0.3	0.00127860246	-0.000727530223	-0.00831583519	0.00361202557	0.00482635422	0	0	0	0	0	3
13	5	0	0.325	0.0101573351	0.000109767107	-0.00831583519	0.0101573351	0.00534573475	0	0	0	0	0	3
14	5	0	0.35	0.0134015558	0.00105918058	-0.00831583519	0.0134015558	0.00629514823	0	0	0	0	0	3
15	6	0	0.375	0.0105321584	0.00169071244	-0.00831583519	0.0134015558	0.00692668008	0	0	0	0	0	3
16	6	0	0.4	-0.0336839352	-0.000520203036	-0.0336839352	0.0134015558	0.00692668008	0	0	0	0	0	3
17	6	0	0.425	-0.144733986	-0.00900336671	-0.144733986	0.0134015558	0.0106940792	0	0	0	0	0	3
18	6	0	0.45	-0.327871705	-0.0267182744	-0.327871705	0.0134015558	0.0284089868	0	0	0	0	0	3
19	7	0	0.475	-0.543101413	-0.0538963343	-0.543101413	0.0134015558	0.0555870468	0	0	0	0	0	3
20	7	0	0.5	-0.849153461	-0.0936591906	-0.849153461	0.0134015558	0.0953499031	0	0	0	0	0	3
21	7	0	0.525	-1.03775385	-0.145439078	-1.03775385	0.0134015558	0.14712979	0	0	0	0	0	3
22	7	0	0.55	-1.2973481	-0.209890691	-1.2973481	0.0134015558	0.211581404	0	0	0	0	0	3
23	8	0	0.575	-1.56431861	-0.288287223	-1.56431861	0.0134015558	0.289977935	0	0	0	0	0	3
24	8	0	0.6	-1.80157833	-0.378522493	-1.80157833	0.0134015558	0.380213205	0	0	0	0	0	3
25	8	0	0.625	-1.95341694	-0.476256484	-1.95341694	0.0134015558	0.477947196	0	0	0	0	0	3
26	8	0	0.65	-2.09315076	-0.580881353	-2.09315076	0.0134015558	0.582572066	0	0	0	0	0	3
27	9	0	0.675	-2.15587496	-0.688687903	-2.15587496	0.0134015558	0.690378616	0	0	0	0	0	3
28	9	0	0.7	-2.21089518	-0.799161889	-2.21089518	0.0134015558	0.800852601	0	0	0	0	0	3
29	9	0	0.725	-2.24713832	-0.911433476	-2.24713832	0.0134015558	0.913124188	0	0	0	0	0	3
30	9	0	0.75	-2.26731011	-1.0246251	-2.26731011	0.0134015558	1.02631581	0	0	0	0	0	3
31	10	0	0.775	-2.28551098	-1.13887355	-2.28551098	0.0134015558	1.14056426	0	0	0	0	0	3
32	10	0	0.8	-2.3048164	-1.2541783	-2.3048164	0.0134015558	1.25586901	0	0	0	0	0	3
33	10	0	0.825	-2.27407573	-1.36838995	-2.3048164	0.0134015558	1.37008067	0	0	0	0	0	3
34	11	0	0.85	-2.22521015	-1.48032054	-2.3048164	0.0105321584	1.48201125	0	0	0	0	0	3
35	11	0	0.875	-2.26927785	-1.59431104	-2.3048164	-0.0336839352	1.59379084	0	0	0	0	0	3
36	11	0	0.9	-2.28014044	-1.70663386	-2.3048164	-0.144733986	1.6976305	0	0	0	0	0	3
37	11	0	0.925	-2.24529788	-1.81166206	-2.3048164	-0.327871705	1.78494378	0	0	0	0	0	3
38	12	0	0.95	-2.2111499	-1.90582597	-2.3048164	-0.543101413	1.76171499	0	0	0	0	0	3
39	12	0	0.975	-2.23015715	-1.99017875	-2.3048164	-0.849153461	1.45566294	0	0	0	0	0	3
40	12	0	1	-2.26307679	-2.06087492	-2.3048164	-1.03775385	1.26706256	0.347732694	27.4	0	0	0	3
41	12	0	1.025	-2.2219498	-2.12008472	-2.3048164	-1.2973481	1.0074683	0.347732694	34.5	0	0	0	3
42	13	0	1.05	-2.24648862	-2.16754174	-2.3048164	-1.56431861	0.740497794	0.347732694	46.9	0	0	0	3
43	13	0	1.075	-2.2376452	-2.20120807	-2.3048164	-1.80157833	0.503238068	0.347732694	69	0	0	0	3
44	13	0	1.1	-2.22094303	-2.20214783	-2.3048164	-1.80157833	0.503238068	0.347732694	69	0	0	0	3
45	13	0	1.125	-2.23392273	-2.22273566	-2.3048164	-1.95341694	0.351399459	0.347732694	98.9	0	0	0	3
46	14	0	1.15	-2.27053095	-2.23783633	-2.3048164	-2.09315076	0.211665638	0.347732694	100	0	0	0	3
47	14	0	1.175	-2.27410351	-2.24645313	-2.3048164	-2.15587496	0.148941442	0.347732694	100	0	0	0	3
48	14	0	1.2	-2.28634929	-2.25266619	-2.3048164	-2.21089518	0.0939212195	0.347732694	100	0	0	0	3
