Iteration	CPUTime	PhysTime	Travels	Value	AvValue	MinValue	MaxValue	Delta	Criteria	Progress	dGMaxMin	CriteriaType	CriteriaVarType	CriteriaPercentage
1	1	0	0.025	0.992740642	0.992740642	0.992740642	0.992740642	0	0	0	0.00146246	0	0	3
2	1	0	0.05	0.992730875	0.992735758	0.992730875	0.992740642	4.88366247e-06	0	0	0.0014617	0	0	3
3	1	0	0.075	0.992721056	0.992730857	0.992721056	0.992740642	9.78456803e-06	0	0	0.00145816	0	0	3
4	2	0	0.1	0.992711153	0.992725931	0.992711153	0.992740642	1.47107777e-05	0	0	0.0014564	0	0	3
5	2	0	0.125	0.992700338	0.992720812	0.992700338	0.992740642	1.98294942e-05	0	0	0.00145635	0	0	3
6	2	0	0.15	0.992679886	0.992713991	0.992679886	0.992740642	2.66505709e-05	0	0	0.00145615	0	0	3
7	2	0	0.175	0.992649209	0.992704737	0.992649209	0.992740642	3.59052564e-05	0	0	0.00145612	0	0	3
8	3	0	0.2	0.992616301	0.992693682	0.992616301	0.992740642	4.69596721e-05	0	0	0.00145612	0	0	3
9	3	0	0.225	0.992576387	0.992680649	0.992576387	0.992740642	5.99925016e-05	0	0	0.00145612	0	0	3
10	3	0	0.25	0.992538285	0.992666413	0.992538285	0.992740642	7.42289585e-05	0	0	0.00145612	0	0	3
11	3	0	0.275	0.992470404	0.992648594	0.992470404	0.992740642	9.20479179e-05	0	0	0.00145612	0	0	3
12	4	0	0.3	0.992410236	0.992628731	0.992410236	0.992740642	0.000111911099	0	0	0.00145616	0	0	3
13	4	0	0.325	0.992352426	0.992607477	0.992352426	0.992740642	0.00013316535	0	0	0.00145612	0	0	3
14	4	0	0.35	0.992304949	0.992585868	0.992304949	0.992740642	0.000154774477	0	0	0.00145612	0	0	3
15	4	0	0.375	0.99226507	0.992564481	0.99226507	0.992740642	0.000176160972	0	0	0.00145612	0	0	3
16	5	0	0.4	0.992216348	0.992542723	0.992216348	0.992740642	0.000197919304	0	0	0.00145615	0	0	3
17	5	0	0.425	0.992175354	0.992521113	0.992175354	0.992740642	0.000219529227	0	0	0.00146057	0	0	3
18	5	0	0.45	0.992138051	0.992499832	0.992138051	0.992740642	0.000240810435	0	0	0.00145612	0	0	3
19	5	0	0.475	0.992101474	0.992478865	0.992101474	0.992740642	0.000261776616	0	0	0.00145612	0	0	3
20	5	0	0.5	0.99206346	0.992458095	0.99206346	0.992740642	0.000282546884	0	0	0.00145612	0	0	3
21	6	0	0.525	0.991997407	0.992420933	0.991997407	0.992730875	0.000314824972	0	0	0.00145612	0	0	3
22	6	0	0.55	0.991923201	0.99238055	0.991923201	0.992721056	0.000350307743	0	0	0.00145612	0	0	3
23	6	0	0.575	0.991841559	0.992336575	0.991841559	0.992711153	0.000389356344	0	0	0.00145612	0	0	3
24	6	0	0.6	0.991761673	0.992289101	0.991761673	0.992700338	0.0004317116	0	0	0.00145612	0	0	3
25	7	0	0.625	0.991692351	0.992238702	0.991692351	0.992679886	0.000475289877	0	0	0.00145612	0	0	3
26	7	0	0.65	0.991623927	0.992185904	0.991623927	0.992649209	0.00051883315	0	0	0.00145612	0	0	3
27	7	0	0.675	0.991586398	0.992132763	0.991586398	0.992616301	0.00056091929	0	0	0.00145743	0	0	3
28	8	0	0.7	0.991567264	0.992080311	0.991567264	0.992576387	0.000600338306	0	0	0.00145647	0	0	3
29	8	0	0.725	0.991558349	0.992029409	0.991558349	0.992538285	0.000637003757	0	0	0.00145634	0	0	3
30	8	0	0.75	0.991554705	0.99198023	0.991554705	0.992470404	0.000668363802	0	0	0.00147859	0	0	3
31	8	0	0.775	0.991553203	0.99193437	0.991553203	0.992410236	0.000694360718	0	0	0.0014653	0	0	3
32	9	0	0.8	0.991553601	0.991891538	0.991553203	0.992352426	0.0007159382	0	0	0.00145868	0	0	3
33	9	0	0.825	0.991552973	0.991851566	0.991552973	0.992304949	0.000734301696	0	0	0.00145896	0	0	3
34	9	0	0.85	0.991551532	0.991813895	0.991551532	0.99226507	0.000713537997	0	0	0.00145798	0	0	3
35	9	0	0.875	0.991549611	0.991778122	0.991549611	0.992216348	0.000666736367	0	0	0.00145714	0	0	3
36	9	0	0.9	0.991548885	0.991744749	0.991548885	0.992175354	0.000626469183	0	0	0.00146034	0	0	3
37	10	0	0.925	0.991550281	0.991713495	0.991548885	0.992138051	0.00058916621	0	0	0.00149028	0	0	3
38	10	0	0.95	0.991551186	0.991684152	0.991548885	0.992101474	0.0005525893	0	0	0.00146064	0	0	3
39	10	0	0.975	0.991551205	0.991656639	0.991548885	0.99206346	0.000514575202	0	0	0.00150062	0	0	3
40	10	0	1	0.991550354	0.991630983	0.991548885	0.991997407	0.000448522162	0.00017582562	0	0.00148034	0	0	3
41	11	0	1.025	0.991549575	0.991608592	0.991548885	0.991923201	0.000374316328	0.00017582562	0	0.00146066	0	0	3
42	11	0	1.05	0.99155128	0.991589996	0.991548885	0.991841559	0.000292674579	0.00017582562	0	0.00148831	0	0	3
43	11	0	1.075	0.991552627	0.991575549	0.991548885	0.991761673	0.000212788318	0.00017582562	0	0.00146847	0	0	3
44	11	0	1.1	0.991550568	0.991574359	0.991548885	0.991761673	0.000212788318	0.00017582562	0	0.0014981	0	0	3
45	12	0	1.125	0.991550649	0.991564311	0.991548885	0.991692351	0.000143465739	0.00017582562	0	0.0014596	0	0	3
46	12	0	1.15	0.99155274	0.991557662	0.991548885	0.991623927	7.50420525e-05	0.00017582562	0	0.00150483	0	0	3
47	12	0	1.175	0.991551441	0.991554211	0.991548885	0.991586398	3.75126918e-05	0.00017582562	0	0.00146453	0	0	3
48	12	0	1.2	0.991552413	0.991552592	0.991548885	0.991567264	1.83796776e-05	0.00017582562	0	0.00150765	0	0	3
49	13	0	1.225	0.991552167	0.991551874	0.991548885	0.991558349	9.4638816e-06	0.00017582562	0	0.00148811	0	0	3
50	13	0	1.25	0.991552853	0.991551612	0.991548885	0.991554705	5.82002525e-06	0.00017582562	0	0.00147038	0	0	3
51	13	0	1.275	0.991553189	0.99155154	0.991548885	0.991553601	4.71642392e-06	0.00017582562	0	0.00146665	0	0	3
52	13	0	1.3	0.991553121	0.991551536	0.991548885	0.991553601	4.71642392e-06	0.00017582562	0	0.00146622	0	0	3
53	13	0	1.325	0.991550375	0.991551382	0.991548885	0.991553189	4.30453995e-06	0.00017582562	0	0.00146276	0	0	3
54	14	0	1.35	0.991551007	0.991551289	0.991548885	0.991553189	4.30453995e-06	0.00017582562	0	0.00150784	0	0	3
55	14	0	1.375	0.991552499	0.991551335	0.991548885	0.991553189	4.30453995e-06	0.00017582562	0	0.00150117	0	0	3
56	14	0	1.4	0.991550941	0.991551398	0.991548885	0.991553189	4.30453995e-06	0.00017582562	0	0.00147492	0	0	3
57	14	0	1.425	0.991551685	0.991551531	0.991549575	0.991553189	3.61445701e-06	0.00017582562	0	0.00150592	0	0	3
58	15	0	1.45	0.991552517	0.991551638	0.991549575	0.991553189	3.61445701e-06	0.00017582562	0	0.00147348	0	0	3
59	15	0	1.475	0.991552589	0.991551704	0.991549575	0.991553189	3.61445701e-06	0.00017582562	0	0.00146639	0	0	3
60	15	0	1.5	0.991552074	0.991551746	0.991549575	0.991553189	3.61445701e-06	0.00017582562	0	0.00146428	0	0	3
61	15	0	1.525	0.991552248	0.991551836	0.991549575	0.991553189	3.61445701e-06	0.00017582562	0	0.00146416	0	0	3
62	16	0	1.55	0.991551475	0.991551927	0.991550375	0.991553189	2.81471384e-06	0.00017582562	0	0.00146604	0	0	3
63	16	0	1.575	0.99155271	0.991551995	0.991550375	0.991553189	2.81471384e-06	0.00017582562	0	0.00146113	0	0	3
64	16	0	1.6	0.991552893	0.991552007	0.991550375	0.991553189	2.81471384e-06	0.00017582562	0	0.00147866	0	0	3
65	17	0	1.625	0.991549407	0.991551952	0.991549407	0.991553189	3.78238e-06	0.00017582562	0	0.00151332	0	0	3
66	17	0	1.65	0.991550479	0.991551944	0.991549407	0.991553189	3.78238e-06	0.00017582562	0	0.00147679	0	0	3
67	17	0	1.675	0.991552369	0.991551926	0.991549407	0.991553189	2.92224387e-06	0.00017582562	0	0.00150083	0	0	3
68	18	0	1.7	0.991554551	0.991552074	0.991549407	0.991554551	1.30393624e-06	0.00017582562	0	0.00146736	0	0	3
69	18	0	1.725	0.991555511	0.991552222	0.991549407	0.991555511	9.33335636e-07	0.00017582562	0	0.00146936	0	0	3
70	18	0	1.75	0.991554472	0.991552332	0.991549407	0.991555511	1.04306427e-06	0.00017582562	0	0.00147953	0	0	3
71	18	0	1.775	0.991556743	0.991552517	0.991549407	0.991556743	1.22830293e-06	0.00017582562	0	0.00146568	0	0	3
72	19	0	1.8	0.991555197	0.991552612	0.991549407	0.991556743	1.32388616e-06	0.00017582562	0	0.00147171	0	0	3
73	19	0	1.825	0.991552604	0.991552588	0.991549407	0.991556743	1.32388616e-06	0.00017582562	0	0.00150682	0	0	3
74	19	0	1.85	0.991552542	0.991552691	0.991549407	0.991556743	1.40242662e-06	0.00017582562	0	0.00147366	0	0	3
75	19	0	1.875	0.991554822	0.991552873	0.991549407	0.991556743	1.53807442e-06	0.00017582562	0	0.00146592	0	0	3
76	20	0	1.9	0.991553478	0.991552919	0.991549407	0.991556743	1.52139841e-06	0.00017582562	0	0.00146678	0	0	3
77	20	0	1.925	0.991553752	0.991553053	0.991549407	0.991556743	1.52191033e-06	0.00017582562	0	0.00146392	0	0	3
78	20	0	1.95	0.991553092	0.99155312	0.991549407	0.991556743	1.48248294e-06	0.00017582562	0	0.00150669	0	0	3
79	21	0	1.975	0.991550921	0.991553044	0.991549407	0.991556743	1.41569476e-06	0.00017582562	0	0.00146181	0	0	3
80	21	0	2	0.99155295	0.991553061	0.991549407	0.991556743	1.37429986e-06	0.00017582562	0	0.0015024	0	0	3
81	21	0	2.025	0.991552658	0.991553089	0.991549407	0.991556743	1.28407674e-06	0.00017582562	0	0.00150545	0	0	3
82	21	0	2.05	0.991550311	0.991552997	0.991549407	0.991556743	1.19387816e-06	0.00017582562	0	0.00147447	0	0	3
83	22	0	2.075	0.991557215	0.99155327	0.991549407	0.991557215	1.34393217e-06	0.00017582562	0	0.00150782	0	0	3
84	22	0	2.1	0.991557429	0.991553495	0.991549407	0.991557429	1.56868741e-06	0.00017582562	0	0.00147382	0	0	3
85	22	0	2.125	0.991552946	0.991553498	0.991549407	0.991557429	1.5712434e-06	0.00017582562	0	0.00146474	0	0	3
86	23	0	2.15	0.991553177	0.991553677	0.991550311	0.991557429	1.75075254e-06	0.00017582562	0	0.00150416	0	0	3
87	23	0	2.175	0.991554639	0.991553875	0.991550311	0.991557429	1.94881081e-06	0.00017582562	0	0.00146814	0	0	3
88	23	0	2.2	0.991552081	0.991553861	0.991550311	0.991557429	1.80075178e-06	0.00017582562	0	0.00146487	0	0	3
89	24	0	2.225	0.991552279	0.991553753	0.991550311	0.991557429	1.65321578e-06	0.00017582562	0	0.00150661	0	0	3
90	24	0	2.25	0.991553785	0.991553671	0.991550311	0.991557429	1.54348715e-06	0.00017582562	0	0.00147571	0	0	3
91	24	0	2.275	0.991554612	0.991553678	0.991550311	0.991557429	1.35824849e-06	0.00017582562	0	0.0014625	0	0	3
92	24	0	2.3	0.991553189	0.991553508	0.991550311	0.991557429	1.28731183e-06	0.00017582562	0	0.00145637	0	0	3
93	25	0	2.325	0.991552045	0.991553358	0.991550311	0.991557429	1.28731183e-06	0.00017582562	0	0.00145799	0	0	3
94	25	0	2.35	0.991553662	0.991553409	0.991550311	0.991557429	1.1841248e-06	0.00017582562	0	0.00150772	0	0	3
95	25	0	2.375	0.991551972	0.991553382	0.991550311	0.991557429	1.00244993e-06	0.00017582562	0	0.00146872	0	0	3
96	25	0	2.4	0.991551768	0.991553236	0.991550311	0.991557429	9.55801675e-07	0.00017582562	0	0.00145875	0	0	3
97	26	0	2.425	0.991549871	0.991553064	0.991549871	0.991557429	8.78204764e-07	0.00017582562	0	0.00149722	0	0	3
98	26	0	2.45	0.991551166	0.991552941	0.991549871	0.991557429	9.33770339e-07	0.00017582562	0	0.00147479	0	0	3
99	26	0	2.475	0.991554037	0.991552986	0.991549871	0.991557429	9.33770339e-07	0.00017582562	0	0.00145937	0	0	3
100	26	0	2.5	0.991552214	0.991553048	0.991549871	0.991557429	9.33770339e-07	0.00017582562	0	0.00146664	0	0	3
101	27	0	2.525	0.99155051	0.991552932	0.991549871	0.991557429	9.43378815e-07	0.00017582562	0	0.00146434	0	0	3
102	27	0	2.55	0.991550402	0.991552824	0.991549871	0.991557429	1.05081601e-06	0.00017582562	0	0.0014694	0	0	3
103	27	0	2.575	0.99154877	0.991552751	0.99154877	0.991557429	1.12421776e-06	0.00017582562	0	0.00146212	0	0	3
104	28	0	2.6	0.991552224	0.991552513	0.99154877	0.991557429	1.3618965e-06	0.00017582562	0	0.00146534	0	0	3
105	28	0	2.625	0.991551972	0.991552253	0.99154877	0.991554639	1.62174715e-06	0.00017582562	0	0.00146347	0	0	3
106	28	0	2.65	0.991553436	0.991552277	0.99154877	0.991554639	1.62174715e-06	0.00017582562	0	0.00151403	0	0	3
