Iteration	CPUTime	PhysTime	Travels	Value	AvValue	MinValue	MaxValue	Delta	Criteria	Progress	dGMaxMin	CriteriaType	CriteriaVarType	CriteriaPercentage
1	1	0	0.025	0	0	0	0	0	0	0	0	0	0	3
2	1	0	0.05	5.78436088e-05	2.89218044e-05	0	5.78436088e-05	2.89218044e-05	0	0	0	0	0	3
3	1	0	0.075	-3.83770169e-07	1.91532795e-05	-3.83770169e-07	5.78436088e-05	2.89218044e-05	0	0	0	0	0	3
4	2	0	0.1	-1.51172244e-06	1.3987029e-05	-1.51172244e-06	5.78436088e-05	2.89218044e-05	0	0	0	0	0	3
5	2	0	0.125	-1.48436889e-06	1.08927495e-05	-1.51172244e-06	5.78436088e-05	2.89218044e-05	0	0	0	0	0	3
6	2	0	0.15	-1.60387644e-06	8.80997847e-06	-1.60387644e-06	5.78436088e-05	2.89218044e-05	0	0	0	0	0	3
7	2	0	0.175	-3.24616091e-06	7.08767285e-06	-3.24616091e-06	5.78436088e-05	2.89218044e-05	0	0	0	0	0	3
8	3	0	0.2	-3.19413812e-05	2.20904109e-06	-3.19413812e-05	5.78436088e-05	2.89218044e-05	0	0	0	0	0	3
9	3	0	0.225	-2.23975293e-05	-5.25022293e-07	-3.19413812e-05	5.78436088e-05	2.94468267e-05	0	0	0	0	0	3
10	3	0	0.25	-0.00014706484	-1.51790041e-05	-0.00014706484	5.78436088e-05	4.41008085e-05	0	0	0	0	0	3
11	3	0	0.275	-9.71917978e-05	-2.26347126e-05	-0.00014706484	5.78436088e-05	5.1556517e-05	0	0	0	0	0	3
12	4	0	0.3	-0.000755034447	-8.36680238e-05	-0.000755034447	5.78436088e-05	0.000112589828	0	0	0	0	0	3
13	4	0	0.325	-0.00131287718	-0.000178222575	-0.00131287718	5.78436088e-05	0.000207144379	0	0	0	0	0	3
14	4	0	0.35	-0.00254645273	-0.000347381872	-0.00254645273	5.78436088e-05	0.000376303676	0	0	0	0	0	3
15	4	0	0.375	-0.00348798952	-0.000556755715	-0.00348798952	5.78436088e-05	0.000585677519	0	0	0	0	0	3
16	5	0	0.4	-0.00545444123	-0.000862861059	-0.00545444123	5.78436088e-05	0.000891782864	0	0	0	0	0	3
17	5	0	0.425	-0.00915513964	-0.00135064215	-0.00915513964	5.78436088e-05	0.00137956396	0	0	0	0	0	3
18	5	0	0.45	-0.0142453677	-0.0020670158	-0.0142453677	5.78436088e-05	0.0020959376	0	0	0	0	0	3
19	5	0	0.475	-0.0213142379	-0.00308002749	-0.0213142379	5.78436088e-05	0.00310894929	0	0	0	0	0	3
20	5	0	0.5	-0.0292476293	-0.00438840758	-0.0292476293	5.78436088e-05	0.00441732938	0	0	0	0	0	3
21	6	0	0.525	-0.0514566542	-0.00696124029	-0.0514566542	5.78436088e-05	0.00699016209	0	0	0	0	0	3
22	6	0	0.55	-0.0709428869	-0.0105112768	-0.0709428869	-3.83770169e-07	0.0105304301	0	0	0	0	0	3
23	6	0	0.575	-0.0871139589	-0.0148669556	-0.0871139589	-1.48436889e-06	0.0148809426	0	0	0	0	0	3
24	6	0	0.6	-0.0909374238	-0.0194137512	-0.0909374238	-1.48436889e-06	0.0194246439	0	0	0	0	0	3
25	7	0	0.625	-0.100504457	-0.0244388998	-0.100504457	-1.60387644e-06	0.0244477098	0	0	0	0	0	3
26	7	0	0.65	-0.109835875	-0.0299306134	-0.109835875	-3.24616091e-06	0.0299377011	0	0	0	0	0	3
27	7	0	0.675	-0.114494298	-0.035655166	-0.114494298	-2.23975293e-05	0.035657375	0	0	0	0	0	3
28	8	0	0.7	-0.118040478	-0.0415555928	-0.118040478	-2.23975293e-05	0.0415550678	0	0	0	0	0	3
29	8	0	0.725	-0.120953034	-0.0476021246	-0.120953034	-9.71917978e-05	0.0475869456	0	0	0	0	0	3
30	8	0	0.75	-0.121738	-0.0536816714	-0.121738	-9.71917978e-05	0.0536590366	0	0	0	0	0	3
31	8	0	0.775	-0.123626748	-0.0598581491	-0.123626748	-0.000755034447	0.0597744811	0	0	0	0	0	3
32	9	0	0.8	-0.123085884	-0.0659746916	-0.123626748	-0.00131287718	0.065796469	0	0	0	0	0	3
33	9	0	0.825	-0.12514237	-0.0721661662	-0.12514237	-0.00254645273	0.0718187844	0	0	0	0	0	3
34	9	0	0.85	-0.125164371	-0.0782970621	-0.125164371	-0.00348798952	0.0777403064	0	0	0	0	0	3
35	9	0	0.875	-0.125809688	-0.0844131471	-0.125809688	-0.00545444123	0.083550286	0	0	0	0	0	3
36	9	0	0.9	-0.12614205	-0.0904475275	-0.12614205	-0.00915513964	0.0890968854	0	0	0	0	0	3
37	10	0	0.925	-0.125505777	-0.0962650594	-0.12614205	-0.0142453677	0.0941980436	0	0	0	0	0	3
38	10	0	0.95	-0.125372172	-0.1018214	-0.12614205	-0.0213142379	0.0987413721	0	0	0	0	0	3
39	10	0	0.975	-0.125142301	-0.107012803	-0.12614205	-0.0292476293	0.0968944208	0	0	0	0	0	3
40	10	0	1	-0.125868925	-0.111843867	-0.12614205	-0.0514566542	0.0746853959	0.0189212499	25.3	0	0	0	3
41	11	0	1.025	-0.125996993	-0.115570884	-0.12614205	-0.0709428869	0.0551991631	0.0189212499	34.2	0	0	0	3
42	11	0	1.05	-0.1273063	-0.118389055	-0.1273063	-0.0871139589	0.0401923413	0.0190085687	47.2	0	0	0	3
43	11	0	1.075	-0.127008311	-0.120383773	-0.1273063	-0.0909374238	0.0363688764	0.0190376199	52.3	0	0	0	3
44	11	0	1.1	-0.12592086	-0.120647444	-0.1273063	-0.0909374238	0.0363688764	0.0190521455	52.3	0	0	0	3
45	12	0	1.125	-0.126147226	-0.122324101	-0.1273063	-0.100504457	0.0268018432	0.0190608573	71.1	0	0	0	3
46	12	0	1.15	-0.126188259	-0.123547139	-0.1273063	-0.109835875	0.0174704248	0.0190666652	100	0	0	0	3
47	12	0	1.175	-0.126937785	-0.124361516	-0.1273063	-0.114494298	0.0128120023	0.0190707785	100	0	0	0	3
48	12	0	1.2	-0.127329557	-0.124972718	-0.127329557	-0.118040478	0.00928907812	0.0190739404	100	0	0	0	3
49	13	0	1.225	-0.126579482	-0.125379338	-0.127329557	-0.120953034	0.00637652296	0.0190763997	100	0	0	0	3
50	13	0	1.25	-0.127528655	-0.125692462	-0.127528655	-0.121738	0.00579065501	0.0190802316	100	0	0	0	3
51	13	0	1.275	-0.127672483	-0.125975057	-0.127672483	-0.123085884	0.00458659906	0.0190853282	100	0	0	0	3
52	13	0	1.3	-0.126975856	-0.126134538	-0.127672483	-0.123085884	0.00458659906	0.0190813523	100	0	0	0	3
53	13	0	1.325	-0.126361347	-0.126290513	-0.127672483	-0.125142301	0.00253018206	0.0190715514	100	0	0	0	3
54	14	0	1.35	-0.127103361	-0.126383893	-0.127672483	-0.125142301	0.00253018206	0.0190499337	100	0	0	0	3
55	14	0	1.375	-0.126719436	-0.126457944	-0.127672483	-0.125142301	0.00253018206	0.0190217831	100	0	0	0	3
56	14	0	1.4	-0.126825553	-0.126506318	-0.127672483	-0.125142301	0.00253018206	0.0189787158	100	0	0	0	3
57	14	0	1.425	-0.126232906	-0.126510645	-0.127672483	-0.125142301	0.00253018206	0.0189212499	100	0	0	0	3
58	15	0	1.45	-0.12644997	-0.126555607	-0.127672483	-0.125142301	0.00253018206	0.0189212499	100	0	0	0	3
59	15	0	1.475	-0.126269638	-0.126598343	-0.127672483	-0.125142301	0.00253018206	0.0189212499	100	0	0	0	3
60	15	0	1.5	-0.127432636	-0.126707407	-0.127672483	-0.125868925	0.00180355808	0.0189212499	100	0	0	0	3
61	15	0	1.525	-0.126319134	-0.126728845	-0.127672483	-0.12592086	0.00175162257	0.0189212499	100	0	0	0	3
62	16	0	1.55	-0.126910438	-0.126772342	-0.127672483	-0.12592086	0.00175162257	0.0189212499	100	0	0	0	3
63	16	0	1.575	-0.125979124	-0.126709144	-0.127672483	-0.12592086	0.00175162257	0.0189212499	100	0	0	0	3
64	16	0	1.6	-0.127437691	-0.12672959	-0.127672483	-0.12592086	0.00175162257	0.0189212499	100	0	0	0	3
65	17	0	1.625	-0.126070826	-0.126736732	-0.127672483	-0.125979124	0.00169335875	0.0189212499	100	0	0	0	3
66	17	0	1.65	-0.126975763	-0.126776186	-0.127672483	-0.125979124	0.00169335875	0.0189212499	100	0	0	0	3
67	17	0	1.675	-0.126915238	-0.126810804	-0.127672483	-0.125979124	0.00169335875	0.0189212499	100	0	0	0	3
68	18	0	1.7	-0.126829619	-0.126805653	-0.127672483	-0.125979124	0.00169335875	0.0189212499	100	0	0	0	3
69	18	0	1.725	-0.126058188	-0.126745112	-0.127672483	-0.125979124	0.00143146605	0.0189212499	100	0	0	0	3
70	18	0	1.75	-0.126512021	-0.126741899	-0.127672483	-0.125979124	0.00111834124	0.0189212499	100	0	0	0	3
71	18	0	1.775	-0.126548514	-0.126695226	-0.127672483	-0.125979124	0.000835746805	0.0189212499	100	0	0	0	3
72	19	0	1.8	-0.12657758	-0.126643088	-0.127437691	-0.125979124	0.000676265467	0.0189212499	100	0	0	0	3
73	19	0	1.825	-0.12462504	-0.126531144	-0.127437691	-0.12462504	0.00052029102	0.0189212499	100	0	0	0	3
74	19	0	1.85	-0.126443107	-0.126535037	-0.127437691	-0.12462504	0.000426910466	0.0189212499	100	0	0	0	3
75	19	0	1.875	-0.126249453	-0.126494375	-0.127437691	-0.12462504	0.000352859723	0.0189212499	100	0	0	0	3
76	20	0	1.9	-0.128053725	-0.126557913	-0.128053725	-0.12462504	0.000316428658	0.0189212499	100	0	0	0	3
77	20	0	1.925	-0.125520901	-0.126495786	-0.128053725	-0.12462504	0.000316428658	0.0189212499	100	0	0	0	3
78	20	0	1.95	-0.126739143	-0.126519893	-0.128053725	-0.12462504	0.000316428658	0.0189212499	100	0	0	0	3
79	21	0	1.975	-0.125787871	-0.126488364	-0.128053725	-0.12462504	0.000322439383	0.0189212499	100	0	0	0	3
80	21	0	2	-0.127286179	-0.126536771	-0.128053725	-0.12462504	0.000322439383	0.0189212499	100	0	0	0	3
81	21	0	2.025	-0.126404093	-0.126487793	-0.128053725	-0.12462504	0.000323010907	0.0189212499	100	0	0	0	3
82	21	0	2.05	-0.12655555	-0.126499051	-0.128053725	-0.12462504	0.000323010907	0.0189212499	100	0	0	0	3
83	22	0	2.075	-0.126681459	-0.126488147	-0.128053725	-0.12462504	0.000323010907	0.0189212499	100	0	0	0	3
84	22	0	2.1	-0.12826277	-0.126596892	-0.12826277	-0.12462504	0.000323010907	0.0189212499	100	0	0	0	3
85	22	0	2.125	-0.126674937	-0.12656057	-0.12826277	-0.12462504	0.000323010907	0.0189212499	100	0	0	0	3
86	23	0	2.15	-0.127984303	-0.126651688	-0.12826277	-0.12462504	0.000323010907	0.0189212499	100	0	0	0	3
87	23	0	2.175	-0.126031195	-0.126606709	-0.12826277	-0.12462504	0.000323010907	0.0189212499	100	0	0	0	3
88	23	0	2.2	-0.127291184	-0.126624611	-0.12826277	-0.12462504	0.00031786015	0.0189212499	100	0	0	0	3
89	24	0	2.225	-0.126309906	-0.126599863	-0.12826277	-0.12462504	0.000257318802	0.0189212499	100	0	0	0	3
90	24	0	2.25	-0.128672595	-0.126724358	-0.128672595	-0.12462504	0.000254106359	0.0189212499	100	0	0	0	3
91	24	0	2.275	-0.126090733	-0.126704297	-0.128672595	-0.12462504	0.000236565669	0.0189212499	100	0	0	0	3
92	24	0	2.3	-0.127963086	-0.126771658	-0.128672595	-0.12462504	0.00028386491	0.0189212499	100	0	0	0	3
93	25	0	2.325	-0.125189011	-0.126705535	-0.128672595	-0.12462504	0.00028386491	0.0189212499	100	0	0	0	3
94	25	0	2.35	-0.128443438	-0.126887364	-0.128672595	-0.125189011	0.000399571037	0.0189212499	100	0	0	0	3
95	25	0	2.375	-0.12532798	-0.126834263	-0.128672595	-0.125189011	0.000399571037	0.0189212499	100	0	0	0	3
96	25	0	2.4	-0.129143151	-0.126972058	-0.129143151	-0.125189011	0.000484264855	0.0189212499	100	0	0	0	3
97	26	0	2.425	-0.125503676	-0.126850627	-0.129143151	-0.125189011	0.000484264855	0.0189212499	100	0	0	0	3
98	26	0	2.45	-0.127502568	-0.126944992	-0.129143151	-0.125189011	0.000484264855	0.0189212499	100	0	0	0	3
99	26	0	2.475	-0.125572744	-0.126889449	-0.129143151	-0.125189011	0.000484264855	0.0189212499	100	0	0	0	3
100	26	0	2.5	-0.127181726	-0.126955823	-0.129143151	-0.125189011	0.000484264855	0.0189212499	100	0	0	0	3
101	27	0	2.525	-0.127074177	-0.126945728	-0.129143151	-0.125189011	0.000484264855	0.0189212499	100	0	0	0	3
102	27	0	2.55	-0.126904442	-0.126969554	-0.129143151	-0.125189011	0.00048391067	0.0189212499	100	0	0	0	3
103	27	0	2.575	-0.125696614	-0.126928652	-0.129143151	-0.125189011	0.00048391067	0.0189212499	100	0	0	0	3
104	28	0	2.6	-0.12772435	-0.126978314	-0.129143151	-0.125189011	0.000417743241	0.0189212499	100	0	0	0	3
105	28	0	2.625	-0.125463238	-0.126845003	-0.129143151	-0.125189011	0.000417743241	0.0189212499	100	0	0	0	3
106	28	0	2.65	-0.127283425	-0.126873978	-0.129143151	-0.125189011	0.000378450787	0.0189212499	100	0	0	0	3
