Iteration	CPUTime	PhysTime	Travels	Value	AvValue	MinValue	MaxValue	Delta	Criteria	Progress	dGMaxMin	CriteriaType	CriteriaVarType	CriteriaPercentage
1	1	0	0.025	0.264502834	0.264502834	0.264502834	0.264502834	0	0	0	0	0	0	3
2	1	0	0.05	0.351334546	0.30791869	0.264502834	0.351334546	0.0434158561	0	0	0	0	0	3
3	1	0	0.075	0.105891758	0.240576379	0.105891758	0.351334546	0.0673423106	0	0	0	0	0	3
4	2	0	0.1	0.0171508007	0.184719985	0.0171508007	0.351334546	0.123198705	0	0	0	0	0	3
5	2	0	0.125	0.0440994172	0.156595871	0.0171508007	0.351334546	0.151322819	0	0	0	0	0	3
6	2	0	0.15	0.0518924954	0.139145308	0.0171508007	0.351334546	0.168773381	0	0	0	0	0	3
7	2	0	0.175	0.0655859654	0.128636831	0.0171508007	0.351334546	0.179281859	0	0	0	0	0	3
8	3	0	0.2	0.0174104211	0.11473353	0.0171508007	0.351334546	0.19318516	0	0	0	0	0	3
9	3	0	0.225	0.0502788906	0.107571903	0.0171508007	0.351334546	0.200346787	0	0	0	0	0	3
10	3	0	0.25	0.0274990034	0.0995646131	0.0171508007	0.351334546	0.208354077	0	0	0	0	0	3
11	3	0	0.275	0.263490809	0.114466995	0.0171508007	0.351334546	0.208354077	0	0	0	0	0	3
12	4	0	0.3	0.716614619	0.164645963	0.0171508007	0.716614619	0.208354077	0	0	0	0	0	3
13	4	0	0.325	2.14143438	0.316706611	0.0171508007	2.14143438	0.217141997	0	0	0	0	0	3
14	4	0	0.35	4.60844035	0.62325902	0.0171508007	4.60844035	0.523694407	0	0	0	0	0	3
15	4	0	0.375	7.86119395	1.10578802	0.0171508007	7.86119395	1.0062234	0	0	0	0	0	3
16	5	0	0.4	11.3802618	1.74794263	0.0171508007	11.3802618	1.64837802	0	0	0	0	0	3
17	5	0	0.425	16.2045404	2.59833073	0.0171508007	16.2045404	2.49876612	0	0	0	0	0	3
18	5	0	0.45	21.8301421	3.6667647	0.0171508007	21.8301421	3.56720009	0	0	0	0	0	3
19	5	0	0.475	27.3323253	4.91232052	0.0171508007	27.3323253	4.81275591	0	0	0	0	0	3
20	5	0	0.5	31.9439879	6.26390389	0.0171508007	31.9439879	6.16433928	0	0	0	0	0	3
21	6	0	0.525	34.5306744	7.97721247	0.0171508007	34.5306744	7.87764786	0	0	0	0	0	3
22	6	0	0.55	37.7264201	9.84596675	0.0171508007	37.7264201	9.74640213	0	0	0	0	0	3
23	6	0	0.575	40.5882408	11.8700842	0.0171508007	40.5882408	11.7705196	0	0	0	0	0	3
24	6	0	0.6	42.3480118	13.9866272	0.0174104211	42.3480118	13.8870626	0	0	0	0	0	3
25	7	0	0.625	44.1174262	16.1902936	0.0174104211	44.1174262	16.090729	0	0	0	0	0	3
26	7	0	0.65	45.1921633	18.4473071	0.0174104211	45.1921633	18.3477425	0	0	0	0	0	3
27	7	0	0.675	45.50286	20.7191708	0.0174104211	45.50286	20.6196062	0	0	0	0	0	3
28	8	0	0.7	45.4015244	22.9883765	0.0274990034	45.50286	22.8888119	0	0	0	0	0	3
29	8	0	0.725	45.3142409	25.2515746	0.0274990034	45.50286	25.15201	0	0	0	0	0	3
30	8	0	0.75	45.6754929	27.5339743	0.263490809	45.6754929	27.4195073	0	0	0	0	0	3
31	8	0	0.775	45.6539339	29.8034965	0.716614619	45.6754929	29.6388505	0	0	0	0	0	3
32	9	0	0.8	45.1220651	32.023769	2.14143438	45.6754929	31.7070624	0	0	0	0	0	3
33	9	0	0.825	45.4114914	34.1872719	4.60844035	45.6754929	33.5640128	0	0	0	0	0	3
34	9	0	0.85	45.4343949	36.2285696	7.86119395	45.6754929	35.1227816	0	0	0	0	0	3
35	9	0	0.875	45.1139571	38.0912077	11.3802618	45.6754929	34.295231	0	0	0	0	0	3
36	9	0	0.9	44.8247263	39.763431	16.2045404	45.6754929	29.4709525	0	0	0	0	0	3
37	10	0	0.925	45.0224837	41.2043281	21.8301421	45.6754929	23.8453508	0	0	0	0	0	3
38	10	0	0.95	44.8015887	42.3529004	27.3323253	45.6754929	18.3431676	0	0	0	0	0	3
39	10	0	0.975	45.0318847	43.2378784	31.9439879	45.6754929	13.731505	0	0	0	0	0	3
40	10	0	1	45.1128217	43.8963201	34.5306744	45.6754929	11.1448184	6.84875131	61.4	0	0	0	3
41	11	0	1.025	45.0736225	44.4234675	37.7264201	45.6754929	7.94907283	6.84875131	86.1	0	0	0	3
42	11	0	1.05	45.004976	44.7873953	40.5882408	45.6754929	5.08725206	6.84875131	100	0	0	0	3
43	11	0	1.075	45.1829301	45.0171298	42.3480118	45.6754929	3.32748108	6.84875131	100	0	0	0	3
44	11	0	1.1	45.3208838	45.0315943	42.3480118	45.6754929	3.32748108	6.84875131	100	0	0	0	3
45	12	0	1.125	45.3102208	45.1726518	44.1174262	45.6754929	1.55806664	6.84875131	100	0	0	0	3
46	12	0	1.15	45.2149962	45.2249171	44.8015887	45.6754929	0.87390419	6.84875131	100	0	0	0	3
47	12	0	1.175	45.3526351	45.2325586	44.8015887	45.6754929	0.87390419	6.84875131	100	0	0	0	3
48	12	0	1.2	45.4740263	45.2311855	44.8015887	45.6754929	0.87390419	6.84875131	100	0	0	0	3
49	13	0	1.225	45.4346476	45.2327628	44.8015887	45.6754929	0.87390419	6.84875131	100	0	0	0	3
50	13	0	1.25	45.4065865	45.2371603	44.8015887	45.6754929	0.87390419	6.84875131	100	0	0	0	3
51	13	0	1.275	45.4138998	45.2247034	44.8015887	45.6539339	0.852345183	6.84875131	100	0	0	0	3
52	13	0	1.3	45.5000403	45.2173752	44.8015887	45.5000403	0.698451584	6.84875131	100	0	0	0	3
53	13	0	1.325	45.336914	45.2276061	44.8015887	45.5000403	0.698451584	6.84875131	100	0	0	0	3
54	14	0	1.35	45.3092576	45.2227378	44.8015887	45.5000403	0.698451584	6.84875131	100	0	0	0	3
55	14	0	1.375	45.3101172	45.2168198	44.8015887	45.5000403	0.698451584	6.84875131	100	0	0	0	3
56	14	0	1.4	45.4449524	45.2325815	44.8015887	45.5000403	0.698451584	6.84875131	100	0	0	0	3
57	14	0	1.425	45.3153107	45.2559427	44.8015887	45.5000403	0.698451584	6.84875131	100	0	0	0	3
58	15	0	1.45	45.3183701	45.2700325	44.8015887	45.5000403	0.698451584	6.84875131	100	0	0	0	3
59	15	0	1.475	45.3364797	45.2955035	45.004976	45.5000403	0.495064249	6.84875131	100	0	0	0	3
60	15	0	1.5	45.4784584	45.3167689	45.004976	45.5000403	0.495064249	6.84875131	100	0	0	0	3
61	15	0	1.525	45.3492234	45.3280261	45.004976	45.5000403	0.495064249	6.84875131	100	0	0	0	3
62	16	0	1.55	45.3507914	45.3412246	45.004976	45.5000403	0.495064249	6.84875131	100	0	0	0	3
63	16	0	1.575	45.367341	45.3584801	45.1829301	45.5000403	0.317110157	6.84875131	100	0	0	0	3
64	16	0	1.6	45.5187852	45.3744732	45.2149962	45.5187852	0.303788962	6.84875131	100	0	0	0	3
65	17	0	1.625	45.4409315	45.3801898	45.2149962	45.5187852	0.207537951	6.84875131	100	0	0	0	3
66	17	0	1.65	45.4822657	45.3883824	45.2149962	45.5187852	0.171562575	6.84875131	100	0	0	0	3
67	17	0	1.675	45.4650906	45.4002916	45.3092576	45.5187852	0.183471832	6.84875131	100	0	0	0	3
68	18	0	1.7	45.6078728	45.4124458	45.3092576	45.6078728	0.195626005	6.84875131	100	0	0	0	3
69	18	0	1.725	45.5033325	45.4138414	45.3092576	45.6078728	0.197021539	6.84875131	100	0	0	0	3
70	18	0	1.75	45.5311002	45.4184343	45.3092576	45.6078728	0.201614521	6.84875131	100	0	0	0	3
71	18	0	1.775	45.5208661	45.4238762	45.3092576	45.6078728	0.207056403	6.84875131	100	0	0	0	3
72	19	0	1.8	45.6106191	45.4332438	45.3092576	45.6106191	0.216423989	6.84875131	100	0	0	0	3
73	19	0	1.825	45.4542074	45.4310613	45.3092576	45.6106191	0.216423989	6.84875131	100	0	0	0	3
74	19	0	1.85	45.466298	45.4372224	45.3092576	45.6106191	0.220402614	6.84875131	100	0	0	0	3
75	19	0	1.875	45.4895905	45.4458097	45.3101172	45.6106191	0.228989895	6.84875131	100	0	0	0	3
76	20	0	1.9	45.6382324	45.4614342	45.3153107	45.6382324	0.228852745	6.84875131	100	0	0	0	3
77	20	0	1.925	45.5093466	45.4645006	45.3153107	45.6382324	0.208557973	6.84875131	100	0	0	0	3
78	20	0	1.95	45.5211373	45.4743019	45.3183701	45.6382324	0.204269413	6.84875131	100	0	0	0	3
79	21	0	1.975	45.4831057	45.4821465	45.3364797	45.6382324	0.186642967	6.84875131	100	0	0	0	3
80	21	0	2	45.6490709	45.4970318	45.3492234	45.6490709	0.180262851	6.84875131	100	0	0	0	3
81	21	0	2.025	45.5945829	45.5025615	45.3492234	45.6490709	0.174535364	6.84875131	100	0	0	0	3
82	21	0	2.05	45.7358691	45.5209732	45.3507914	45.7358691	0.179748543	6.84875131	100	0	0	0	3
83	22	0	2.075	45.720182	45.5385632	45.367341	45.7358691	0.180083099	6.84875131	100	0	0	0	3
84	22	0	2.1	45.7722836	45.5578462	45.4409315	45.7722836	0.183372984	6.84875131	100	0	0	0	3
85	22	0	2.125	45.8398836	45.5731366	45.4409315	45.8398836	0.192946828	6.84875131	100	0	0	0	3
86	23	0	2.15	45.9991774	45.5997197	45.4542074	45.9991774	0.211337351	6.84875131	100	0	0	0	3
87	23	0	2.175	45.8884075	45.6190598	45.4542074	45.9991774	0.218768176	6.84875131	100	0	0	0	3
88	23	0	2.2	45.928279	45.6411164	45.4542074	45.9991774	0.228670595	6.84875131	100	0	0	0	3
89	24	0	2.225	45.7944981	45.6500033	45.4542074	45.9991774	0.23616198	6.84875131	100	0	0	0	3
90	24	0	2.25	45.8008537	45.664171	45.4542074	45.9991774	0.245736673	6.84875131	100	0	0	0	3
91	24	0	2.275	45.8400097	45.678881	45.4542074	45.9991774	0.255004764	6.84875131	100	0	0	0	3
92	24	0	2.3	45.9902654	45.7012333	45.4542074	45.9991774	0.270172046	6.84875131	100	0	0	0	3
93	25	0	2.325	45.9077069	45.7153804	45.4542074	45.9991774	0.284319081	6.84875131	100	0	0	0	3
94	25	0	2.35	46.0250432	45.742563	45.466298	46.0250432	0.305340593	6.84875131	100	0	0	0	3
95	25	0	2.375	46.089641	45.772246	45.4831057	46.089641	0.326436313	6.84875131	100	0	0	0	3
96	25	0	2.4	46.0333806	45.7981408	45.4831057	46.089641	0.336706544	6.84875131	100	0	0	0	3
97	26	0	2.425	45.9872644	45.8147614	45.4831057	46.089641	0.350260724	6.84875131	100	0	0	0	3
98	26	0	2.45	46.0341702	45.839753	45.4831057	46.089641	0.365451054	6.84875131	100	0	0	0	3
99	26	0	2.475	45.8792818	45.8568075	45.4831057	46.089641	0.374660999	6.84875131	100	0	0	0	3
100	26	0	2.5	46.0061743	45.8817155	45.5945829	46.089641	0.384683731	6.84875131	100	0	0	0	3
101	27	0	2.525	45.9153077	45.8943934	45.5945829	46.089641	0.391831938	6.84875131	100	0	0	0	3
102	27	0	2.55	45.9344284	45.9105765	45.720182	46.089641	0.369458957	6.84875131	100	0	0	0	3
103	27	0	2.575	45.9166013	45.9191828	45.720182	46.089641	0.369458957	6.84875131	100	0	0	0	3
104	28	0	2.6	46.1708524	45.9406433	45.7722836	46.1708524	0.382797137	6.84875131	100	0	0	0	3
105	28	0	2.625	46.0147437	45.9521891	45.7944981	46.1708524	0.376354335	6.84875131	100	0	0	0	3
106	28	0	2.65	46.0691281	45.9631055	45.7944981	46.1708524	0.363385718	6.84875131	100	0	0	0	3
