Iteration	CPUTime	PhysTime	Travels	Value	AvValue	MinValue	MaxValue	Delta	Criteria	Progress	dGMaxMin	CriteriaType	CriteriaVarType	CriteriaPercentage
1	1	0	0.025	0	0	0	0	0	0	0	0	0	0	3
2	1	0	0.05	0.000181653294	9.08266468e-05	0	0.000181653294	9.08266468e-05	0	0	0	0	0	3
3	1	0	0.075	2.32782629e-06	6.132704e-05	0	0.000181653294	9.08266468e-05	0	0	0	0	0	3
4	2	0	0.1	2.90007077e-06	4.67202977e-05	0	0.000181653294	9.08266468e-05	0	0	0	0	0	3
5	2	0	0.125	6.54608845e-06	3.86854558e-05	0	0.000181653294	9.08266468e-05	0	0	0	0	0	3
6	2	0	0.15	5.06125394e-06	3.30814222e-05	0	0.000181653294	9.08266468e-05	0	0	0	0	0	3
7	2	0	0.175	3.73397133e-06	2.88889292e-05	0	0.000181653294	9.08266468e-05	0	0	0	0	0	3
8	3	0	0.2	5.72784226e-05	3.24376159e-05	0	0.000181653294	9.08266468e-05	0	0	0	0	0	3
9	3	0	0.225	4.37096027e-05	3.36900589e-05	0	0.000181653294	9.08266468e-05	0	0	0	0	0	3
10	3	0	0.25	0.000323305285	6.26515815e-05	0	0.000323305285	9.08266468e-05	0	0	0	0	0	3
11	3	0	0.275	0.000145365289	7.01710094e-05	0	0.000323305285	9.08266468e-05	0	0	0	0	0	3
12	4	0	0.3	0.000962899691	0.000144565066	0	0.000962899691	0.000144565066	0	0	0	0	0	3
13	4	0	0.325	0.001615215	0.000257691984	0	0.001615215	0.000257691984	0	0	0	0	0	3
14	4	0	0.35	0.00296998748	0.000451427376	0	0.00296998748	0.000451427376	0	0	0	0	0	3
15	4	0	0.375	0.00389902036	0.000681266909	0	0.00389902036	0.000681266909	0	0	0	0	0	3
16	5	0	0.4	0.0058878969	0.00100668128	0	0.0058878969	0.00100668128	0	0	0	0	0	3
17	5	0	0.425	0.00955527405	0.00150953968	0	0.00955527405	0.00150953968	0	0	0	0	0	3
18	5	0	0.45	0.0147172554	0.00224330167	0	0.0147172554	0.00224330167	0	0	0	0	0	3
19	5	0	0.475	0.0218560961	0.00327555401	0	0.0218560961	0.00327555401	0	0	0	0	0	3
20	5	0	0.5	0.0296410714	0.00459382988	0	0.0296410714	0.00459382988	0	0	0	0	0	3
21	6	0	0.525	0.0516996722	0.00717881349	2.32782629e-06	0.0516996722	0.00714992456	0	0	0	0	0	3
22	6	0	0.55	0.0711251946	0.0107259906	2.32782629e-06	0.0711251946	0.0106971016	0	0	0	0	0	3
23	6	0	0.575	0.0872025258	0.0150860005	2.90007077e-06	0.0872025258	0.0150571115	0	0	0	0	0	3
24	6	0	0.6	0.0909947173	0.0196355913	3.73397133e-06	0.0909947173	0.0196067024	0	0	0	0	0	3
25	7	0	0.625	0.100523942	0.0246614611	3.73397133e-06	0.100523942	0.0246325722	0	0	0	0	0	3
26	7	0	0.65	0.109862204	0.0301543182	3.73397133e-06	0.109862204	0.0301254293	0	0	0	0	0	3
27	7	0	0.675	0.114513235	0.0358797933	4.37096027e-05	0.114513235	0.0358473557	0	0	0	0	0	3
28	8	0	0.7	0.118083024	0.0417810805	4.37096027e-05	0.118083024	0.0417473905	0	0	0	0	0	3
29	8	0	0.725	0.120954747	0.0478266324	0.000145365289	0.120954747	0.0477639809	0	0	0	0	0	3
30	8	0	0.75	0.121863051	0.0539036197	0.000145365289	0.121863051	0.0538334487	0	0	0	0	0	3
31	8	0	0.775	0.123632262	0.0600779646	0.000962899691	0.123632262	0.0599333995	0	0	0	0	0	3
32	9	0	0.8	0.123231074	0.0661913733	0.001615215	0.123632262	0.0659336813	0	0	0	0	0	3
33	9	0	0.825	0.125143896	0.0723678073	0.00296998748	0.125143896	0.07191638	0	0	0	0	0	3
34	9	0	0.85	0.125293167	0.0784839663	0.00389902036	0.125293167	0.0778026994	0	0	0	0	0	3
35	9	0	0.875	0.125812644	0.0845796475	0.0058878969	0.125812644	0.0835729662	0	0	0	0	0	3
36	9	0	0.9	0.126151628	0.090592834	0.00955527405	0.126151628	0.0890832944	0	0	0	0	0	3
37	10	0	0.925	0.125509427	0.0963905417	0.0147172554	0.126151628	0.09414724	0	0	0	0	0	3
38	10	0	0.95	0.125408	0.101925079	0.0218560961	0.126151628	0.0986495249	0	0	0	0	0	3
39	10	0	0.975	0.125142602	0.107089404	0.0296410714	0.126151628	0.0965105563	0	0	0	0	0	3
40	10	0	1	0.125924353	0.111903568	0.0516996722	0.126151628	0.0744519555	0.018922395	25.4	0	0	0	3
41	11	0	1.025	0.126003709	0.11561877	0.0711251946	0.126151628	0.0550264332	0.018922395	34.3	0	0	0	3
42	11	0	1.05	0.127375502	0.118431286	0.0872025258	0.127375502	0.0401729761	0.0190141856	47.3	0	0	0	3
43	11	0	1.075	0.127234634	0.120432891	0.0909947173	0.127375502	0.0363807847	0.0190447538	52.3	0	0	0	3
44	11	0	1.1	0.125964492	0.120696301	0.0909947173	0.127375502	0.0363807847	0.0190600066	52.3	0	0	0	3
45	12	0	1.125	0.126216945	0.122373549	0.100523942	0.127375502	0.0268515604	0.0190691584	71	0	0	0	3
46	12	0	1.15	0.126439253	0.123607612	0.109862204	0.127375502	0.0175132983	0.0190752595	100	0	0	0	3
47	12	0	1.175	0.126970932	0.124422313	0.114513235	0.127375502	0.0128622666	0.0190796175	100	0	0	0	3
48	12	0	1.2	0.127401556	0.125036043	0.118083024	0.127401556	0.00931853192	0.0190826249	100	0	0	0	3
49	13	0	1.225	0.126672136	0.125445048	0.120954747	0.127401556	0.00644680838	0.019084964	100	0	0	0	3
50	13	0	1.25	0.127563937	0.125759771	0.121863051	0.127563937	0.00570088505	0.0190877462	100	0	0	0	3
51	13	0	1.275	0.127712223	0.126038303	0.123231074	0.127712223	0.00448114835	0.0190920446	100	0	0	0	3
52	13	0	1.3	0.127163455	0.126206455	0.123231074	0.127712223	0.00448114835	0.0190854074	100	0	0	0	3
53	13	0	1.325	0.126393559	0.12635705	0.125142602	0.127712223	0.00256962038	0.0190722646	100	0	0	0	3
54	14	0	1.35	0.127126546	0.126451462	0.125142602	0.127712223	0.00256962038	0.0190464839	100	0	0	0	3
55	14	0	1.375	0.126822887	0.126524306	0.125142602	0.127712223	0.00256962038	0.0190148504	100	0	0	0	3
56	14	0	1.4	0.126903143	0.126576234	0.125142602	0.127712223	0.00256962038	0.0189685253	100	0	0	0	3
57	14	0	1.425	0.126255777	0.126581194	0.125142602	0.127712223	0.00256962038	0.018922395	100	0	0	0	3
58	15	0	1.45	0.126490487	0.126627911	0.125142602	0.127712223	0.00256962038	0.018922395	100	0	0	0	3
59	15	0	1.475	0.126314922	0.126671098	0.125142602	0.127712223	0.00256962038	0.018922395	100	0	0	0	3
60	15	0	1.5	0.12750433	0.126783561	0.125924353	0.127712223	0.00178786934	0.018922395	100	0	0	0	3
61	15	0	1.525	0.12636183	0.126804393	0.125964492	0.127712223	0.00174773094	0.018922395	100	0	0	0	3
62	16	0	1.55	0.126967236	0.126850275	0.125964492	0.127712223	0.00174773094	0.018922395	100	0	0	0	3
63	16	0	1.575	0.126015688	0.126785522	0.125964492	0.127712223	0.00174773094	0.018922395	100	0	0	0	3
64	16	0	1.6	0.127519899	0.126799106	0.125964492	0.127712223	0.00174773094	0.018922395	100	0	0	0	3
65	17	0	1.625	0.126106248	0.126805856	0.126015688	0.127712223	0.00169653527	0.018922395	100	0	0	0	3
66	17	0	1.65	0.127033954	0.126844762	0.126015688	0.127712223	0.00169653527	0.018922395	100	0	0	0	3
67	17	0	1.675	0.126951067	0.126869134	0.126015688	0.127712223	0.00169653527	0.018922395	100	0	0	0	3
68	18	0	1.7	0.126902855	0.126865892	0.126015688	0.127712223	0.00169653527	0.018922395	100	0	0	0	3
69	18	0	1.725	0.126143856	0.126806001	0.126015688	0.127712223	0.00142408558	0.018922395	100	0	0	0	3
70	18	0	1.75	0.126551135	0.12680024	0.126015688	0.127712223	0.00110936229	0.018922395	100	0	0	0	3
71	18	0	1.775	0.126598286	0.126754256	0.126015688	0.127712223	0.000830830322	0.018922395	100	0	0	0	3
72	19	0	1.8	0.126635863	0.126703001	0.126015688	0.127519899	0.000662678269	0.018922395	100	0	0	0	3
73	19	0	1.825	0.124738536	0.126587529	0.124738536	0.127519899	0.00051208375	0.018922395	100	0	0	0	3
74	19	0	1.85	0.126476481	0.126591477	0.124738536	0.127519899	0.000417671828	0.018922395	100	0	0	0	3
75	19	0	1.875	0.126305917	0.1265524	0.124738536	0.127519899	0.000344828012	0.018922395	100	0	0	0	3
76	20	0	1.9	0.128237292	0.126619752	0.124738536	0.128237292	0.000316734066	0.018922395	100	0	0	0	3
77	20	0	1.925	0.125569587	0.12655625	0.124738536	0.128237292	0.000316734066	0.018922395	100	0	0	0	3
78	20	0	1.95	0.126791049	0.126581739	0.124738536	0.128237292	0.000316734066	0.018922395	100	0	0	0	3
79	21	0	1.975	0.125840263	0.126550776	0.124738536	0.128237292	0.000318357929	0.018922395	100	0	0	0	3
80	21	0	2	0.127343474	0.126599754	0.124738536	0.128237292	0.000318357929	0.018922395	100	0	0	0	3
81	21	0	2.025	0.12645433	0.126549754	0.124738536	0.128237292	0.000319379242	0.018922395	100	0	0	0	3
82	21	0	2.05	0.126607128	0.126561435	0.124738536	0.128237292	0.000319379242	0.018922395	100	0	0	0	3
83	22	0	2.075	0.126722111	0.126549763	0.124738536	0.128237292	0.000319379242	0.018922395	100	0	0	0	3
84	22	0	2.1	0.128396044	0.126663113	0.124738536	0.128396044	0.000319379242	0.018922395	100	0	0	0	3
85	22	0	2.125	0.126728413	0.126625423	0.124738536	0.128396044	0.000319379242	0.018922395	100	0	0	0	3
86	23	0	2.15	0.128128848	0.126721738	0.124738536	0.128396044	0.000319379242	0.018922395	100	0	0	0	3
87	23	0	2.175	0.126087317	0.12667666	0.124738536	0.128396044	0.000319379242	0.018922395	100	0	0	0	3
88	23	0	2.2	0.127327215	0.126694571	0.124738536	0.128396044	0.000316137444	0.018922395	100	0	0	0	3
89	24	0	2.225	0.126355278	0.126668496	0.124738536	0.128396044	0.000256246969	0.018922395	100	0	0	0	3
90	24	0	2.25	0.128762176	0.126793178	0.124738536	0.128762176	0.000250485018	0.018922395	100	0	0	0	3
91	24	0	2.275	0.126150221	0.126774087	0.124738536	0.128762176	0.000243423845	0.018922395	100	0	0	0	3
92	24	0	2.3	0.128097753	0.12684549	0.124738536	0.128762176	0.000295735918	0.018922395	100	0	0	0	3
93	25	0	2.325	0.125210567	0.126777619	0.124738536	0.128762176	0.000295735918	0.018922395	100	0	0	0	3
94	25	0	2.35	0.128541909	0.126958732	0.125210567	0.128762176	0.00040897764	0.018922395	100	0	0	0	3
95	25	0	2.375	0.125350903	0.126905133	0.125210567	0.128762176	0.00040897764	0.018922395	100	0	0	0	3
96	25	0	2.4	0.129231391	0.127044442	0.125210567	0.129231391	0.000494687037	0.018922395	100	0	0	0	3
97	26	0	2.425	0.12552809	0.126915432	0.125210567	0.129231391	0.000494687037	0.018922395	100	0	0	0	3
98	26	0	2.45	0.127565749	0.127010487	0.125210567	0.129231391	0.000494687037	0.018922395	100	0	0	0	3
99	26	0	2.475	0.125652704	0.12695628	0.125210567	0.129231391	0.000494687037	0.018922395	100	0	0	0	3
100	26	0	2.5	0.127228115	0.127022368	0.125210567	0.129231391	0.000494687037	0.018922395	100	0	0	0	3
101	27	0	2.525	0.127101761	0.127010858	0.125210567	0.129231391	0.000494687037	0.018922395	100	0	0	0	3
102	27	0	2.55	0.126943996	0.127034176	0.125210567	0.129231391	0.000494678732	0.018922395	100	0	0	0	3
103	27	0	2.575	0.12572007	0.126991935	0.125210567	0.129231391	0.000494678732	0.018922395	100	0	0	0	3
104	28	0	2.6	0.127786361	0.127042613	0.125210567	0.129231391	0.000419018211	0.018922395	100	0	0	0	3
105	28	0	2.625	0.125489143	0.12690419	0.125210567	0.129231391	0.000419018211	0.018922395	100	0	0	0	3
106	28	0	2.65	0.127319946	0.126932358	0.125210567	0.129231391	0.000375945129	0.018922395	100	0	0	0	3
