Iteration	CPUTime	PhysTime	Travels	Value	AvValue	MinValue	MaxValue	Delta	Criteria	Progress	dGMaxMin	CriteriaType	CriteriaVarType	CriteriaPercentage
1	1	0	0.025	0	0	0	0	0	0	0	0	0	0	3
2	1	0	0.05	0.0299611888	0.0149805944	0	0.0299611888	0.0149805944	0	0	0	0	0	3
3	1	0	0.075	0.000251142455	0.0100707771	0	0.0299611888	0.0149805944	0	0	0	0	0	3
4	2	0	0.1	0.000716663714	0.00773224874	0	0.0299611888	0.0149805944	0	0	0	0	0	3
5	2	0	0.125	0.000440368994	0.00627387279	0	0.0299611888	0.0149805944	0	0	0	0	0	3
6	2	0	0.15	0.00067208954	0.00534024225	0	0.0299611888	0.0149805944	0	0	0	0	0	3
7	2	0	0.175	0.0010909962	0.0047332071	0	0.0299611888	0.0149805944	0	0	0	0	0	3
8	3	0	0.2	0.0051644703	0.004787115	0	0.0299611888	0.0149805944	0	0	0	0	0	3
9	3	0	0.225	0.00359463915	0.00465461768	0	0.0299611888	0.0149805944	0	0	0	0	0	3
10	3	0	0.25	0.0161966274	0.00580881865	0	0.0299611888	0.0149805944	0	0	0	0	0	3
11	3	0	0.275	0.0101667595	0.00620499509	0	0.0299611888	0.0149805944	0	0	0	0	0	3
12	4	0	0.3	0.0755984804	0.0119877855	0	0.0755984804	0.0149805944	0	0	0	0	0	3
13	4	0	0.325	0.107492698	0.0193343173	0	0.107492698	0.0193343173	0	0	0	0	0	3
14	4	0	0.35	0.169917299	0.0300902445	0	0.169917299	0.0300902445	0	0	0	0	0	3
15	4	0	0.375	0.296429276	0.0478461799	0	0.296429276	0.0478461799	0	0	0	0	0	3
16	5	0	0.4	0.516348327	0.0771275641	0	0.516348327	0.0771275641	0	0	0	0	0	3
17	5	0	0.425	0.760798217	0.117343485	0	0.760798217	0.117343485	0	0	0	0	0	3
18	5	0	0.45	0.998783639	0.166312382	0	0.998783639	0.166312382	0	0	0	0	0	3
19	5	0	0.475	1.38401925	0.230402218	0	1.38401925	0.230402218	0	0	0	0	0	3
20	5	0	0.5	1.55049671	0.296406942	0	1.55049671	0.296406942	0	0	0	0	0	3
21	6	0	0.525	1.60356366	0.376585125	0.000251142455	1.60356366	0.371930507	0	0	0	0	0	3
22	6	0	0.55	2.37709731	0.493941931	0.000251142455	2.37709731	0.489287313	0	0	0	0	0	3
23	6	0	0.575	3.05691416	0.646775082	0.000440368994	3.05691416	0.642120464	0	0	0	0	0	3
24	6	0	0.6	2.70229959	0.781854228	0.000440368994	3.05691416	0.77719961	0	0	0	0	0	3
25	7	0	0.625	3.11834306	0.937749363	0.00067208954	3.11834306	0.933094745	0	0	0	0	0	3
26	7	0	0.65	3.44931339	1.11018143	0.0010909962	3.44931339	1.10552681	0	0	0	0	0	3
27	7	0	0.675	3.73964585	1.29710917	0.00359463915	3.73964585	1.29245455	0	0	0	0	0	3
28	8	0	0.7	3.92821116	1.49326151	0.00359463915	3.92821116	1.48860689	0	0	0	0	0	3
29	8	0	0.725	4.02260631	1.69421209	0.0101667595	4.02260631	1.68840327	0	0	0	0	0	3
30	8	0	0.75	4.09957012	1.89838076	0.0101667595	4.09957012	1.89217577	0	0	0	0	0	3
31	8	0	0.775	4.14867235	2.10530604	0.0755984804	4.14867235	2.09331826	0	0	0	0	0	3
32	9	0	0.8	4.14552408	2.30880232	0.107492698	4.14867235	2.28946801	0	0	0	0	0	3
33	9	0	0.825	4.14244909	2.51055014	0.169917299	4.14867235	2.4804599	0	0	0	0	0	3
34	9	0	0.85	4.17055708	2.71058213	0.296429276	4.17055708	2.66273595	0	0	0	0	0	3
35	9	0	0.875	4.23887207	2.90770427	0.516348327	4.23887207	2.83057671	0	0	0	0	0	3
36	9	0	0.9	4.28081684	3.0959277	0.760798217	4.28081684	2.97858421	0	0	0	0	0	3
37	10	0	0.925	4.27220014	3.27149779	0.998783639	4.28081684	3.10518541	0	0	0	0	0	3
38	10	0	0.95	4.25148335	3.43413278	1.38401925	4.28081684	2.89679759	0	0	0	0	0	3
39	10	0	0.975	4.27172108	3.57851787	1.55049671	4.28081684	2.73032013	0	0	0	0	0	3
40	10	0	1	4.28802356	3.71539421	1.60356366	4.28802356	2.6844599	0.643165862	23.9	0	0	0	3
41	11	0	1.025	4.25666658	3.84804936	2.37709731	4.28802356	1.91092625	0.643165862	33.6	0	0	0	3
42	11	0	1.05	4.25432333	3.94191066	2.70229959	4.28802356	1.58572397	0.643165862	40.5	0	0	0	3
43	11	0	1.075	4.25983923	4.00205691	2.70229959	4.28802356	1.58572397	0.643165862	40.5	0	0	0	3
44	11	0	1.1	4.237651	4.01327568	2.70229959	4.28802356	1.58572397	0.643165862	40.5	0	0	0	3
45	12	0	1.125	4.28773464	4.08877259	3.11834306	4.28802356	1.16968049	0.643165862	54.9	0	0	0	3
46	12	0	1.15	4.30030001	4.14505625	3.44931339	4.30030001	0.850986613	0.643442265	75.6	0	0	0	3
47	12	0	1.175	4.26923029	4.18409991	3.73964585	4.30030001	0.560654158	0.643647848	100	0	0	0	3
48	12	0	1.2	4.23449399	4.20766411	3.92821116	4.30030001	0.372088842	0.643755093	100	0	0	0	3
49	13	0	1.225	4.23963062	4.22249361	4.02260631	4.30030001	0.277693693	0.643838505	100	0	0	0	3
50	13	0	1.25	4.21281873	4.23155134	4.09957012	4.30030001	0.200729884	0.643806654	100	0	0	0	3
51	13	0	1.275	4.24357038	4.2384085	4.14244909	4.30030001	0.157850916	0.643780593	100	0	0	0	3
52	13	0	1.3	4.20661781	4.2411678	4.14244909	4.30030001	0.157850916	0.643165862	100	0	0	0	3
53	13	0	1.325	4.27304515	4.24724024	4.14244909	4.30030001	0.157850916	0.643165862	100	0	0	0	3
54	14	0	1.35	4.28753942	4.2541493	4.17055708	4.30030001	0.129742921	0.643165862	100	0	0	0	3
55	14	0	1.375	4.28739067	4.2597128	4.20661781	4.30030001	0.0936821993	0.643165862	100	0	0	0	3
56	14	0	1.4	4.31272215	4.26322947	4.20661781	4.31272215	0.106104347	0.643165862	100	0	0	0	3
57	14	0	1.425	4.35842051	4.26692489	4.20661781	4.35842051	0.1518027	0.643165862	100	0	0	0	3
58	15	0	1.45	4.34162211	4.27023069	4.20661781	4.35842051	0.1518027	0.643165862	100	0	0	0	3
59	15	0	1.475	4.2887566	4.27200561	4.20661781	4.35842051	0.1518027	0.643165862	100	0	0	0	3
60	15	0	1.5	4.28285484	4.27253579	4.20661781	4.35842051	0.1518027	0.643165862	100	0	0	0	3
61	15	0	1.525	4.32471106	4.27428281	4.20661781	4.35842051	0.1518027	0.643165862	100	0	0	0	3
62	16	0	1.55	4.31287655	4.27695948	4.20661781	4.35842051	0.1518027	0.643165862	100	0	0	0	3
63	16	0	1.575	4.27091909	4.27774975	4.20661781	4.35842051	0.1518027	0.643165862	100	0	0	0	3
64	16	0	1.6	4.26359478	4.27792859	4.20661781	4.35842051	0.1518027	0.643165862	100	0	0	0	3
65	17	0	1.625	4.30423724	4.28109936	4.20661781	4.35842051	0.1518027	0.643165862	100	0	0	0	3
66	17	0	1.65	4.29587409	4.28148696	4.20661781	4.35842051	0.136430706	0.643165862	100	0	0	0	3
67	17	0	1.675	4.27803228	4.28042659	4.20661781	4.35842051	0.0973870447	0.643165862	100	0	0	0	3
68	18	0	1.7	4.25607281	4.27980004	4.20661781	4.35842051	0.0738228471	0.643165862	100	0	0	0	3
69	18	0	1.725	4.29458042	4.2826613	4.20661781	4.35842051	0.0601676928	0.643165862	100	0	0	0	3
70	18	0	1.75	4.28585355	4.28486239	4.20661781	4.35842051	0.0533110508	0.643165862	100	0	0	0	3
71	18	0	1.775	4.25806723	4.28701708	4.20661781	4.35842051	0.0486085864	0.643165862	100	0	0	0	3
72	19	0	1.8	4.26261177	4.28792382	4.20661781	4.35842051	0.0467560119	0.643165862	100	0	0	0	3
73	19	0	1.825	4.2954786	4.29215528	4.25607281	4.35842051	0.0449150461	0.643165862	100	0	0	0	3
74	19	0	1.85	4.29555421	4.29322714	4.25607281	4.35842051	0.0390778424	0.643165862	100	0	0	0	3
75	19	0	1.875	4.27232977	4.29250287	4.25607281	4.35842051	0.0335143384	0.643165862	100	0	0	0	3
76	20	0	1.9	4.26940708	4.29164651	4.25607281	4.35842051	0.0299976677	0.643165862	100	0	0	0	3
77	20	0	1.925	4.29844286	4.29096654	4.25607281	4.35842051	0.026302255	0.643165862	100	0	0	0	3
78	20	0	1.95	4.28821786	4.28762356	4.25607281	4.34162211	0.0229964469	0.643165862	100	0	0	0	3
79	21	0	1.975	4.24603368	4.28307173	4.24603368	4.32471106	0.0212215302	0.643165862	100	0	0	0	3
80	21	0	2	4.24532659	4.28100364	4.24532659	4.32471106	0.020691351	0.643165862	100	0	0	0	3
81	21	0	2.025	4.29127042	4.28140438	4.24532659	4.32471106	0.018944327	0.643165862	100	0	0	0	3
82	21	0	2.05	4.30324593	4.28038223	4.24532659	4.31287655	0.0162676614	0.643165862	100	0	0	0	3
83	22	0	2.075	4.25462291	4.27760825	4.24532659	4.30423724	0.0156188952	0.643165862	100	0	0	0	3
84	22	0	2.1	4.25768692	4.27697814	4.24532659	4.30423724	0.0162489986	0.643165862	100	0	0	0	3
85	22	0	2.125	4.29867999	4.27864887	4.24532659	4.30423724	0.0162489986	0.643165862	100	0	0	0	3
86	23	0	2.15	4.27493496	4.27725352	4.24532659	4.30324593	0.0162489986	0.643165862	100	0	0	0	3
87	23	0	2.175	4.25792835	4.27544658	4.24532659	4.30324593	0.0177805614	0.643165862	100	0	0	0	3
88	23	0	2.2	4.24375084	4.27381413	4.24375084	4.30324593	0.0194130113	0.643165862	100	0	0	0	3
89	24	0	2.225	4.19346232	4.27083268	4.19346232	4.30324593	0.0223944629	0.643165862	100	0	0	0	3
90	24	0	2.25	4.22974201	4.26774514	4.19346232	4.30324593	0.0254820062	0.643165862	100	0	0	0	3
91	24	0	2.275	4.19403062	4.26337261	4.19346232	4.30324593	0.0298545267	0.643165862	100	0	0	0	3
92	24	0	2.3	4.19482247	4.26036096	4.19346232	4.30324593	0.0328661819	0.643165862	100	0	0	0	3
93	25	0	2.325	4.21518742	4.25810266	4.19346232	4.30324593	0.0351244844	0.643165862	100	0	0	0	3
94	25	0	2.35	4.24460908	4.2556803	4.19346232	4.30324593	0.0375468422	0.643165862	100	0	0	0	3
95	25	0	2.375	4.22932362	4.25252646	4.19346232	4.30324593	0.0399764102	0.643165862	100	0	0	0	3
96	25	0	2.4	4.26359901	4.25211071	4.19346232	4.30324593	0.039535799	0.643165862	100	0	0	0	3
97	26	0	2.425	4.23774434	4.25060296	4.19346232	4.30324593	0.0403635822	0.643165862	100	0	0	0	3
98	26	0	2.45	4.24892517	4.24824498	4.19346232	4.30324593	0.0393785844	0.643165862	100	0	0	0	3
99	26	0	2.475	4.2921653	4.24843295	4.19346232	4.30324593	0.0348267547	0.643165862	100	0	0	0	3
100	26	0	2.5	4.33332063	4.25258947	4.19346232	4.33332063	0.0331594013	0.643165862	100	0	0	0	3
101	27	0	2.525	4.26932678	4.25373234	4.19346232	4.33332063	0.0331594013	0.643165862	100	0	0	0	3
102	27	0	2.55	4.28316173	4.25334621	4.19346232	4.33332063	0.0321372525	0.643165862	100	0	0	0	3
103	27	0	2.575	4.25158297	4.25088607	4.19346232	4.33332063	0.0304038902	0.643165862	100	0	0	0	3
104	28	0	2.6	4.27401604	4.25180955	4.19346232	4.33332063	0.0304038902	0.643165862	100	0	0	0	3
105	28	0	2.625	4.30986451	4.2542942	4.19346232	4.33332063	0.0304038902	0.643165862	100	0	0	0	3
106	28	0	2.65	4.30571995	4.25462943	4.19346232	4.33332063	0.0290085435	0.643165862	100	0	0	0	3
