Iteration	CPUTime	PhysTime	Travels	Value	AvValue	MinValue	MaxValue	Delta	Criteria	Progress	dGMaxMin	CriteriaType	CriteriaVarType	CriteriaPercentage
1	1	0	0.025	-0.0144586809	-0.0144586809	-0.0144586809	-0.0144586809	0	0	0	0	0	0	3
2	1	0	0.05	0.0178136186	0.0016774688	-0.0144586809	0.0178136186	0.0161361498	0	0	0	0	0	3
3	1	0	0.075	0.0148860479	0.00608032849	-0.0144586809	0.0178136186	0.0205390094	0	0	0	0	0	3
4	2	0	0.1	-0.000867535695	0.00434336244	-0.0144586809	0.0178136186	0.0205390094	0	0	0	0	0	3
5	2	0	0.125	-0.00671439181	0.00213181159	-0.0144586809	0.0178136186	0.0205390094	0	0	0	0	0	3
6	2	0	0.15	-0.00462023864	0.00100646989	-0.0144586809	0.0178136186	0.0205390094	0	0	0	0	0	3
7	2	0	0.175	-0.0050569924	0.000140260988	-0.0144586809	0.0178136186	0.0205390094	0	0	0	0	0	3
8	3	0	0.2	-0.00249601055	-0.000189272954	-0.0144586809	0.0178136186	0.0205390094	0	0	0	0	0	3
9	3	0	0.225	-0.0022840936	-0.000422030804	-0.0144586809	0.0178136186	0.0205390094	0	0	0	0	0	3
10	3	0	0.25	-0.00353046138	-0.000732873862	-0.0144586809	0.0178136186	0.0205390094	0	0	0	0	0	3
11	3	0	0.275	-0.0172690032	-0.00223615835	-0.0172690032	0.0178136186	0.0205390094	0	0	0	0	0	3
12	4	0	0.3	-0.0473470967	-0.00599540321	-0.0473470967	0.0178136186	0.0205390094	0	0	0	0	0	3
13	4	0	0.325	-0.115109721	-0.0143888123	-0.115109721	0.0178136186	0.0205390094	0	0	0	0	0	3
14	4	0	0.35	-0.231021888	-0.0298626034	-0.231021888	0.0178136186	0.0359429319	0	0	0	0	0	3
15	4	0	0.375	-0.388123657	-0.0537466737	-0.388123657	0.0178136186	0.0598270021	0	0	0	0	0	3
16	5	0	0.4	-0.564776422	-0.0856860329	-0.564776422	0.0178136186	0.0917663614	0	0	0	0	0	3
17	5	0	0.425	-0.842518881	-0.130205612	-0.842518881	0.0178136186	0.136285941	0	0	0	0	0	3
18	5	0	0.45	-1.20798303	-0.190082135	-1.20798303	0.0178136186	0.196162464	0	0	0	0	0	3
19	5	0	0.475	-1.55836723	-0.26209714	-1.55836723	0.0178136186	0.268177469	0	0	0	0	0	3
20	5	0	0.5	-1.80076019	-0.339030293	-1.80076019	0.0178136186	0.345110621	0	0	0	0	0	3
21	6	0	0.525	-2.00055141	-0.438334929	-2.00055141	0.0178136186	0.444415257	0	0	0	0	0	3
22	6	0	0.55	-2.151282	-0.54678971	-2.151282	0.0148860479	0.552870038	0	0	0	0	0	3
23	6	0	0.575	-2.34003526	-0.664535775	-2.34003526	-0.000867535695	0.668879138	0	0	0	0	0	3
24	6	0	0.6	-2.42821221	-0.785903009	-2.42821221	-0.0022840936	0.788034821	0	0	0	0	0	3
25	7	0	0.625	-2.43753985	-0.907444282	-2.43753985	-0.0022840936	0.908450752	0	0	0	0	0	3
26	7	0	0.65	-2.37522226	-1.02597438	-2.43753985	-0.0022840936	1.02611464	0	0	0	0	0	3
27	7	0	0.675	-2.37746337	-1.1445947	-2.43753985	-0.0022840936	1.14440543	0	0	0	0	0	3
28	8	0	0.7	-2.353543	-1.26214705	-2.43753985	-0.0022840936	1.26172502	0	0	0	0	0	3
29	8	0	0.725	-2.34577365	-1.37932153	-2.43753985	-0.00353046138	1.37858866	0	0	0	0	0	3
30	8	0	0.75	-2.33886618	-1.49608832	-2.43753985	-0.0172690032	1.49385216	0	0	0	0	0	3
31	8	0	0.775	-2.34563384	-1.61250656	-2.43753985	-0.0473470967	1.60651115	0	0	0	0	0	3
32	9	0	0.8	-2.35670629	-1.72797452	-2.43753985	-0.115109721	1.71358571	0	0	0	0	0	3
33	9	0	0.825	-2.35049856	-1.83974396	-2.43753985	-0.231021888	1.80988136	0	0	0	0	0	3
34	9	0	0.85	-2.31469462	-1.9439276	-2.43753985	-0.388123657	1.89018092	0	0	0	0	0	3
35	9	0	0.875	-2.33066423	-2.04105462	-2.43753985	-0.564776422	1.87276343	0	0	0	0	0	3
36	9	0	0.9	-2.31239652	-2.12843563	-2.43753985	-0.842518881	1.59502097	0	0	0	0	0	3
37	10	0	0.925	-2.29404742	-2.20101206	-2.43753985	-1.20798303	1.22955683	0	0	0	0	0	3
38	10	0	0.95	-2.28409289	-2.25481755	-2.43753985	-1.55836723	0.879172621	0	0	0	0	0	3
39	10	0	0.975	-2.2849145	-2.29114491	-2.43753985	-1.80076019	0.636779662	0	0	0	0	0	3
40	10	0	1	-2.28123056	-2.31516843	-2.43753985	-2.00055141	0.436988445	0.367863885	84.1	0	0	0	3
41	11	0	1.025	-2.27948573	-2.32911515	-2.43753985	-2.151282	0.286257849	0.367863885	100	0	0	0	3
42	11	0	1.05	-2.30673789	-2.33688794	-2.43753985	-2.27948573	0.158054118	0.367863885	100	0	0	0	3
43	11	0	1.075	-2.27451977	-2.33361217	-2.43753985	-2.27451977	0.163020085	0.367863885	100	0	0	0	3
44	11	0	1.1	-2.27787966	-2.33095824	-2.43753985	-2.27451977	0.163020085	0.367863885	100	0	0	0	3
45	12	0	1.125	-2.27692433	-2.32375405	-2.43753985	-2.27451977	0.163020085	0.367863885	100	0	0	0	3
46	12	0	1.15	-2.28376555	-2.31643147	-2.37746337	-2.27451977	0.102943601	0.367863885	100	0	0	0	3
47	12	0	1.175	-2.26477946	-2.31117229	-2.37746337	-2.26477946	0.112683908	0.367863885	100	0	0	0	3
48	12	0	1.2	-2.26492971	-2.30581354	-2.35670629	-2.26477946	0.0919268296	0.367863885	100	0	0	0	3
49	13	0	1.225	-2.26539675	-2.3016161	-2.35670629	-2.26477946	0.0919268296	0.367863885	100	0	0	0	3
50	13	0	1.25	-2.27109123	-2.2980598	-2.35670629	-2.26477946	0.0919268296	0.367863885	100	0	0	0	3
51	13	0	1.275	-2.25999691	-2.29430412	-2.35670629	-2.25999691	0.0967093782	0.367863885	100	0	0	0	3
52	13	0	1.3	-2.273777	-2.29088236	-2.35670629	-2.25999691	0.0967093782	0.367863885	100	0	0	0	3
53	13	0	1.325	-2.25715242	-2.2861417	-2.35049856	-2.25715242	0.0933461391	0.367863885	100	0	0	0	3
54	14	0	1.35	-2.26214331	-2.28193431	-2.33066423	-2.25715242	0.0735118025	0.367863885	100	0	0	0	3
55	14	0	1.375	-2.25644214	-2.27916038	-2.33066423	-2.25644214	0.0742220901	0.367863885	100	0	0	0	3
56	14	0	1.4	-2.25807111	-2.27570357	-2.31239652	-2.25644214	0.0559543845	0.367863885	100	0	0	0	3
57	14	0	1.425	-2.24360973	-2.272428	-2.30673789	-2.24360973	0.0631281612	0.367863885	100	0	0	0	3
58	15	0	1.45	-2.2547031	-2.27055446	-2.30673789	-2.24360973	0.0631281612	0.367863885	100	0	0	0	3
59	15	0	1.475	-2.24475574	-2.26868127	-2.30673789	-2.24360973	0.0631281612	0.367863885	100	0	0	0	3
60	15	0	1.5	-2.25626072	-2.2673168	-2.30673789	-2.24360973	0.0631281612	0.367863885	100	0	0	0	3
61	15	0	1.525	-2.2452002	-2.26560107	-2.30673789	-2.24360973	0.0631281612	0.367863885	100	0	0	0	3
62	16	0	1.55	-2.24935374	-2.26416621	-2.30673789	-2.24360973	0.0631281612	0.367863885	100	0	0	0	3
63	16	0	1.575	-2.24002794	-2.26098955	-2.28376555	-2.24002794	0.0437376072	0.367863885	100	0	0	0	3
64	16	0	1.6	-2.24506976	-2.25958717	-2.28376555	-2.24002794	0.0437376072	0.367863885	100	0	0	0	3
65	17	0	1.625	-2.23154387	-2.2573807	-2.28376555	-2.23154387	0.0522216743	0.367863885	100	0	0	0	3
66	17	0	1.65	-2.23921517	-2.25558503	-2.28376555	-2.23154387	0.0522216743	0.367863885	100	0	0	0	3
67	17	0	1.675	-2.23513932	-2.25326949	-2.273777	-2.23154387	0.0422331267	0.367863885	100	0	0	0	3
68	18	0	1.7	-2.23856544	-2.25202121	-2.273777	-2.23154387	0.0422331267	0.367863885	100	0	0	0	3
69	18	0	1.725	-2.22972235	-2.25034466	-2.273777	-2.22972235	0.0440546451	0.367863885	100	0	0	0	3
70	18	0	1.75	-2.23009167	-2.24866347	-2.273777	-2.22972235	0.0440546451	0.367863885	100	0	0	0	3
71	18	0	1.775	-2.22841259	-2.24663115	-2.273777	-2.22841259	0.0453644075	0.367863885	100	0	0	0	3
72	19	0	1.8	-2.22590987	-2.24500796	-2.273777	-2.22590987	0.0458743993	0.367863885	100	0	0	0	3
73	19	0	1.825	-2.2117014	-2.24205198	-2.26214331	-2.2117014	0.0440897201	0.367863885	100	0	0	0	3
74	19	0	1.85	-2.21035141	-2.23982336	-2.26214331	-2.21035141	0.042110947	0.367863885	100	0	0	0	3
75	19	0	1.875	-2.21427909	-2.23754411	-2.25807111	-2.21035141	0.0416162677	0.367863885	100	0	0	0	3
76	20	0	1.9	-2.20712145	-2.23519551	-2.25807111	-2.20712145	0.0405080565	0.367863885	100	0	0	0	3
77	20	0	1.925	-2.20438714	-2.23263913	-2.25626072	-2.20438714	0.0397888744	0.367863885	100	0	0	0	3
78	20	0	1.95	-2.19459132	-2.23030492	-2.25626072	-2.19459132	0.040249545	0.367863885	100	0	0	0	3
79	21	0	1.975	-2.19554974	-2.22748809	-2.25626072	-2.19459132	0.041193174	0.367863885	100	0	0	0	3
80	21	0	2	-2.19071963	-2.22491494	-2.25626072	-2.19071963	0.0424018567	0.367863885	100	0	0	0	3
81	21	0	2.025	-2.18805939	-2.22166726	-2.24935374	-2.18805939	0.0439338079	0.367863885	100	0	0	0	3
82	21	0	2.05	-2.1833511	-2.21872207	-2.24935374	-2.1833511	0.0454441462	0.367863885	100	0	0	0	3
83	22	0	2.075	-2.18866303	-2.21583203	-2.24506976	-2.1833511	0.0451575154	0.367863885	100	0	0	0	3
84	22	0	2.1	-2.18426996	-2.21317689	-2.24506976	-2.1833511	0.0464102762	0.367863885	100	0	0	0	3
85	22	0	2.125	-2.18050137	-2.21010221	-2.23921517	-2.18050137	0.0472784952	0.367863885	100	0	0	0	3
86	23	0	2.15	-2.17516534	-2.20741751	-2.23921517	-2.17516534	0.0481675129	0.367863885	100	0	0	0	3
87	23	0	2.175	-2.17712116	-2.20446066	-2.23856544	-2.17516534	0.0488088359	0.367863885	100	0	0	0	3
88	23	0	2.2	-2.17197191	-2.20145268	-2.23856544	-2.17197191	0.0505685211	0.367863885	100	0	0	0	3
89	24	0	2.225	-2.16458835	-2.19792997	-2.23009167	-2.16458835	0.0524146991	0.367863885	100	0	0	0	3
90	24	0	2.25	-2.1480621	-2.19404138	-2.23009167	-2.1480621	0.0546220882	0.367863885	100	0	0	0	3
91	24	0	2.275	-2.16153233	-2.19077665	-2.22841259	-2.1480621	0.0558545023	0.367863885	100	0	0	0	3
92	24	0	2.3	-2.15027501	-2.18705581	-2.22590987	-2.1480621	0.0579521472	0.367863885	100	0	0	0	3
93	25	0	2.325	-2.15431393	-2.18364648	-2.21427909	-2.1480621	0.0584054967	0.367863885	100	0	0	0	3
94	25	0	2.35	-2.14445615	-2.18044433	-2.21427909	-2.14445615	0.0593790318	0.367863885	100	0	0	0	3
95	25	0	2.375	-2.14512361	-2.17733824	-2.21427909	-2.14445615	0.060205869	0.367863885	100	0	0	0	3
96	25	0	2.4	-2.14001137	-2.17380169	-2.20712145	-2.14001137	0.0613938234	0.367863885	100	0	0	0	3
97	26	0	2.425	-2.14480601	-2.17083428	-2.20438714	-2.14001137	0.0618048463	0.367863885	100	0	0	0	3
98	26	0	2.45	-2.13384364	-2.16747507	-2.19554974	-2.13384364	0.0617060962	0.367863885	100	0	0	0	3
99	26	0	2.475	-2.13857642	-2.16480769	-2.19554974	-2.13384364	0.0617060962	0.367863885	100	0	0	0	3
100	26	0	2.5	-2.12676164	-2.16153207	-2.19071963	-2.12676164	0.0633828759	0.367863885	100	0	0	0	3
101	27	0	2.525	-2.12399163	-2.15835454	-2.18866303	-2.12399163	0.063312717	0.367863885	100	0	0	0	3
102	27	0	2.55	-2.12288676	-2.15525109	-2.18866303	-2.12288676	0.0634709805	0.367863885	100	0	0	0	3
103	27	0	2.575	-2.1208096	-2.15227292	-2.18866303	-2.1208096	0.0635591135	0.367863885	100	0	0	0	3
104	28	0	2.6	-2.1153446	-2.14878157	-2.18426996	-2.1153446	0.0643953255	0.367863885	100	0	0	0	3
105	28	0	2.625	-2.11492452	-2.1454794	-2.18050137	-2.11492452	0.0646228041	0.367863885	100	0	0	0	3
106	28	0	2.65	-2.10142965	-2.14171408	-2.17712116	-2.10142965	0.065703432	0.367863885	100	0	0	0	3
