Iteration	CPUTime	PhysTime	Travels	Value	AvValue	MinValue	MaxValue	Delta	Criteria	Progress	dGMaxMin	CriteriaType	CriteriaVarType	CriteriaPercentage
1	1	0	0.025	0.994177001	0.994177001	0.994177001	0.994177001	0	0	0	0.00292234	0	0	3
2	1	0	0.05	0.994157577	0.994167289	0.994157577	0.994177001	9.71201912e-06	0	0	0.00292073	0	0	3
3	1	0	0.075	0.994137977	0.994157519	0.994137977	0.994177001	1.94828159e-05	0	0	0.00291364	0	0	3
4	1	0	0.1	0.994118172	0.994147682	0.994118172	0.994177001	2.93195744e-05	0	0	0.0029102	0	0	3
5	2	0	0.125	0.994096492	0.994137444	0.994096492	0.994177001	3.95576016e-05	0	0	0.00291012	0	0	3
6	2	0	0.15	0.994055377	0.994123766	0.994055377	0.994177001	5.3235394e-05	0	0	0.0029097	0	0	3
7	2	0	0.175	0.993993643	0.994105177	0.993993643	0.994177001	7.18244168e-05	0	0	0.00290966	0	0	3
8	2	0	0.2	0.993928075	0.994083039	0.993928075	0.994177001	9.39622071e-05	0	0	0.00290966	0	0	3
9	2	0	0.225	0.993848529	0.994056983	0.993848529	0.994177001	0.000120018867	0	0	0.00290966	0	0	3
10	3	0	0.25	0.993772521	0.994028536	0.993772521	0.994177001	0.000148464976	0	0	0.00290966	0	0	3
11	3	0	0.275	0.993636937	0.993992936	0.993636937	0.994177001	0.000184064967	0	0	0.00290966	0	0	3
12	3	0	0.3	0.993515176	0.993953123	0.993515176	0.994177001	0.000223878339	0	0	0.00290978	0	0	3
13	3	0	0.325	0.99340115	0.993910664	0.99340115	0.994177001	0.000266337768	0	0	0.00290998	0	0	3
14	3	0	0.35	0.993308626	0.993867661	0.993308626	0.994177001	0.000309340475	0	0	0.00290968	0	0	3
15	4	0	0.375	0.993229234	0.993825099	0.993229234	0.994177001	0.000351902265	0	0	0.00291024	0	0	3
16	4	0	0.4	0.993130737	0.993781702	0.993130737	0.994177001	0.00039529987	0	0	0.00290972	0	0	3
17	4	0	0.425	0.99304766	0.993738523	0.99304766	0.994177001	0.000438478771	0	0	0.00290964	0	0	3
18	4	0	0.45	0.992972369	0.993695959	0.992972369	0.994177001	0.00048104285	0	0	0.00290965	0	0	3
19	5	0	0.475	0.992898593	0.993653992	0.992898593	0.994177001	0.000523009452	0	0	0.00290964	0	0	3
20	5	0	0.5	0.992821918	0.993612388	0.992821918	0.994177001	0.000564613138	0	0	0.00290965	0	0	3
21	5	0	0.525	0.992689139	0.993537995	0.992689139	0.994157577	0.000629294239	0	0	0.00290965	0	0	3
22	5	0	0.55	0.992540189	0.993457126	0.992540189	0.994137977	0.000700392868	0	0	0.00290965	0	0	3
23	5	0	0.575	0.992377955	0.993369125	0.992377955	0.994118172	0.000778557184	0	0	0.00290964	0	0	3
24	6	0	0.6	0.992217152	0.993274074	0.992217152	0.994096492	0.000863370117	0	0	0.00290967	0	0	3
25	6	0	0.625	0.992079517	0.993173225	0.992079517	0.994055377	0.000950541064	0	0	0.00294571	0	0	3
26	6	0	0.65	0.991944226	0.993067667	0.991944226	0.993993643	0.00103750959	0	0	0.00290965	0	0	3
27	7	0	0.675	0.991870726	0.992961522	0.991870726	0.993928075	0.00112151763	0	0	0.00296252	0	0	3
28	7	0	0.7	0.99183297	0.992856766	0.99183297	0.993848529	0.00120021622	0	0	0.0029105	0	0	3
29	7	0	0.725	0.991815549	0.992755117	0.991815549	0.993772521	0.00127341914	0	0	0.00297062	0	0	3
30	7	0	0.75	0.991807282	0.992656855	0.991807282	0.993636937	0.00133608112	0	0	0.0029101	0	0	3
31	7	0	0.775	0.991804521	0.992565235	0.991804521	0.993515176	0.00138788852	0	0	0.00298129	0	0	3
32	8	0	0.8	0.991801936	0.992479573	0.991801936	0.99340115	0.0014310911	0	0	0.00291238	0	0	3
33	8	0	0.825	0.991800257	0.992399528	0.991800257	0.993308626	0.00146813306	0	0	0.00297526	0	0	3
34	8	0	0.85	0.991798885	0.992324041	0.991798885	0.993229234	0.00143034896	0	0	0.00293341	0	0	3
35	9	0	0.875	0.991797541	0.992252456	0.991797541	0.993130737	0.00133319693	0	0	0.00290999	0	0	3
36	9	0	0.9	0.991800597	0.992185949	0.991797541	0.99304766	0.00125011968	0	0	0.00300226	0	0	3
37	9	0	0.925	0.991801627	0.992123647	0.991797541	0.992972369	0.00117482868	0	0	0.00294945	0	0	3
38	9	0	0.95	0.99180026	0.992065042	0.991797541	0.992898593	0.0011010526	0	0	0.00292285	0	0	3
39	9	0	0.975	0.991798516	0.992010038	0.991797541	0.992821918	0.00102437769	0	0	0.00300108	0	0	3
40	10	0	1	0.991795967	0.991958741	0.991795967	0.992689139	0.000893172037	0.000351301504	0	0.00293309	0	0	3
41	10	0	1.025	0.991797252	0.991914146	0.991795967	0.992540189	0.000744221901	0.000351301504	0	0.00293057	0	0	3
42	10	0	1.05	0.991798537	0.991877064	0.991795967	0.992377955	0.000581988524	0.000351301504	0	0.00301812	0	0	3
43	10	0	1.075	0.991799548	0.991848143	0.991795967	0.992217152	0.000421185385	0.000351301504	0	0.00294395	0	0	3
44	11	0	1.1	0.991799483	0.991845826	0.991795967	0.992217152	0.000421185385	0.000351301504	0	0.0029206	0	0	3
45	11	0	1.125	0.991797044	0.991825821	0.991795967	0.992079517	0.00028354995	0.000351301504	0	0.00302906	0	0	3
46	11	0	1.15	0.99179914	0.99181247	0.991795967	0.991944226	0.000148259019	0.000351301504	0	0.00294884	0	0	3
47	12	0	1.175	0.991803377	0.991805763	0.991795967	0.991870726	7.47593559e-05	0.000351301504	0	0.00292483	0	0	3
48	12	0	1.2	0.991802474	0.991802512	0.991795967	0.99183297	3.70028018e-05	0.000351301504	0	0.00302205	0	0	3
49	12	0	1.225	0.991799311	0.99180091	0.991795967	0.991815549	1.95816019e-05	0.000351301504	0	0.00295138	0	0	3
50	13	0	1.25	0.991802892	0.991800307	0.991795967	0.991807282	1.13150387e-05	0.000351301504	0	0.00301492	0	0	3
51	13	0	1.275	0.991803408	0.991800122	0.991795967	0.991804521	8.55417699e-06	0.000351301504	0	0.00300793	0	0	3
52	13	0	1.3	0.99180164	0.991799985	0.991795967	0.991803408	7.44091725e-06	0.000351301504	0	0.0029296	0	0	3
53	13	0	1.325	0.991804411	0.991800103	0.991795967	0.991804411	8.44410024e-06	0.000351301504	0	0.00301365	0	0	3
54	14	0	1.35	0.991804597	0.99180031	0.991795967	0.991804597	8.62960605e-06	0.000351301504	0	0.0030266	0	0	3
55	14	0	1.375	0.991803681	0.991800538	0.991795967	0.991804597	8.62960605e-06	0.000351301504	0	0.00293075	0	0	3
56	14	0	1.4	0.991805953	0.991800939	0.991795967	0.991805953	9.98579195e-06	0.000351301504	0	0.00299947	0	0	3
57	15	0	1.425	0.991804208	0.991801111	0.991795967	0.991805953	9.98579195e-06	0.000351301504	0	0.00303891	0	0	3
58	15	0	1.45	0.991799966	0.991801032	0.991795967	0.991805953	9.98579195e-06	0.000351301504	0	0.00295543	0	0	3
59	15	0	1.475	0.991803076	0.991801166	0.991795967	0.991805953	9.98579195e-06	0.000351301504	0	0.00292185	0	0	3
60	16	0	1.5	0.991806443	0.991801543	0.991795967	0.991806443	1.04761075e-05	0.000351301504	0	0.00299952	0	0	3
61	16	0	1.525	0.991802485	0.991801853	0.991797044	0.991806443	9.39947926e-06	0.000351301504	0	0.00300994	0	0	3
62	16	0	1.55	0.991799572	0.991801964	0.991797044	0.991806443	9.39947926e-06	0.000351301504	0	0.00295097	0	0	3
63	16	0	1.575	0.991804257	0.991802236	0.991797044	0.991806443	9.39947926e-06	0.000351301504	0	0.00293014	0	0	3
64	17	0	1.6	0.991801172	0.991802314	0.991797044	0.991806443	9.39947926e-06	0.000351301504	0	0.00299175	0	0	3
65	17	0	1.625	0.991801614	0.991802415	0.991797044	0.991806443	9.39947926e-06	0.000351301504	0	0.00301686	0	0	3
66	17	0	1.65	0.991801251	0.991802615	0.99179914	0.991806443	7.30294008e-06	0.000351301504	0	0.00302023	0	0	3
67	18	0	1.675	0.991798319	0.991802576	0.991798319	0.991806443	5.77732615e-06	0.000351301504	0	0.00292313	0	0	3
68	18	0	1.7	0.991799665	0.9918024	0.991798319	0.991806443	2.63027504e-06	0.000351301504	0	0.00292432	0	0	3
69	18	0	1.725	0.991801679	0.991802362	0.991798319	0.991806443	2.63027504e-06	0.000351301504	0	0.00301449	0	0	3
70	18	0	1.75	0.991798784	0.991802337	0.991798319	0.991806443	2.63027504e-06	0.000351301504	0	0.0030108	0	0	3
71	19	0	1.775	0.991802011	0.991802295	0.991798319	0.991806443	2.63027504e-06	0.000351301504	0	0.00293139	0	0	3
72	19	0	1.8	0.991802234	0.991802239	0.991798319	0.991806443	2.63027504e-06	0.000351301504	0	0.00300961	0	0	3
73	19	0	1.825	0.991799798	0.991802151	0.991798319	0.991806443	2.512409e-06	0.000351301504	0	0.00293118	0	0	3
74	20	0	1.85	0.991802039	0.991802038	0.991798319	0.991806443	2.30576518e-06	0.000351301504	0	0.00294109	0	0	3
75	20	0	1.875	0.991804486	0.991802033	0.991798319	0.991806443	2.07739558e-06	0.000351301504	0	0.00301983	0	0	3
76	20	0	1.9	0.991802098	0.991801958	0.991798319	0.991806443	1.67681339e-06	0.000351301504	0	0.0029409	0	0	3
77	20	0	1.925	0.991803666	0.991801849	0.991798319	0.991806443	1.58395399e-06	0.000351301504	0	0.00299398	0	0	3
78	21	0	1.95	0.991798221	0.991801564	0.991798221	0.991806443	1.58395399e-06	0.000351301504	0	0.00301702	0	0	3
79	21	0	1.975	0.991801591	0.991801641	0.991798221	0.991806443	1.44985865e-06	0.000351301504	0	0.00292557	0	0	3
80	21	0	2	0.991803077	0.991801641	0.991798221	0.991806443	1.07240225e-06	0.000351301504	0	0.00300654	0	0	3
81	21	0	2.025	0.991797189	0.9918012	0.991797189	0.991804486	1.41506919e-06	0.000351301504	0	0.00292163	0	0	3
82	22	0	2.05	0.991797937	0.991800984	0.991797189	0.991804486	1.63162178e-06	0.000351301504	0	0.00302948	0	0	3
83	22	0	2.075	0.991803494	0.991801171	0.991797189	0.991804486	1.63162178e-06	0.000351301504	0	0.00293029	0	0	3
84	22	0	2.1	0.991803859	0.991801152	0.991797189	0.991804486	1.63162178e-06	0.000351301504	0	0.00292166	0	0	3
85	23	0	2.125	0.991803741	0.991801274	0.991797189	0.991804486	1.63162178e-06	0.000351301504	0	0.00300947	0	0	3
86	23	0	2.15	0.991801947	0.99180129	0.991797189	0.991804486	1.63162178e-06	0.000351301504	0	0.00294026	0	0	3
87	23	0	2.175	0.991805118	0.991801474	0.991797189	0.991805118	1.59254191e-06	0.000351301504	0	0.00300647	0	0	3
88	24	0	2.2	0.991803028	0.991801698	0.991797189	0.991805118	1.41580872e-06	0.000351301504	0	0.00292484	0	0	3
89	24	0	2.225	0.99180778	0.991802085	0.991797189	0.99180778	1.37795899e-06	0.000351301504	0	0.00302409	0	0	3
90	24	0	2.25	0.991806931	0.991802335	0.991797189	0.99180778	1.35288872e-06	0.000351301504	0	0.00295215	0	0	3
91	25	0	2.275	0.991804904	0.991802626	0.991797189	0.99180778	1.64222819e-06	0.000351301504	0	0.00292077	0	0	3
92	25	0	2.3	0.991803084	0.991802677	0.991797189	0.99180778	1.69333822e-06	0.000351301504	0	0.00291527	0	0	3
93	25	0	2.325	0.99180492	0.991802805	0.991797189	0.99180778	1.82122049e-06	0.000351301504	0	0.0030065	0	0	3
94	26	0	2.35	0.991806088	0.991803105	0.991797189	0.99180778	2.12078939e-06	0.000351301504	0	0.00301995	0	0	3
95	26	0	2.375	0.991808142	0.991803395	0.991797189	0.991808142	2.41138542e-06	0.000351301504	0	0.0029274	0	0	3
96	26	0	2.4	0.991806118	0.991803473	0.991797189	0.991808142	2.48910009e-06	0.000351301504	0	0.00292415	0	0	3
97	27	0	2.425	0.99180495	0.991803609	0.991797189	0.991808142	2.62491015e-06	0.000351301504	0	0.0029211	0	0	3
98	27	0	2.45	0.991809723	0.991803897	0.991797189	0.991809723	2.91330027e-06	0.000351301504	0	0.00302848	0	0	3
99	28	0	2.475	0.991806944	0.991804313	0.991797189	0.991809723	3.32871028e-06	0.000351301504	0	0.00300999	0	0	3
100	28	0	2.5	0.991802709	0.991804366	0.991797189	0.991809723	3.38195901e-06	0.000351301504	0	0.00293591	0	0	3
101	29	0	2.525	0.991809936	0.991804692	0.991797189	0.991809936	3.70858135e-06	0.000351301504	0	0.00294144	0	0	3
102	29	0	2.55	0.991809014	0.991805256	0.991797937	0.991809936	4.27166307e-06	0.000351301504	0	0.00302209	0	0	3
103	29	0	2.575	0.99180359	0.991805525	0.991801947	0.991809936	4.37307712e-06	0.000351301504	0	0.00293985	0	0	3
104	30	0	2.6	0.991805868	0.991805638	0.991801947	0.991809936	4.48614751e-06	0.000351301504	0	0.00291947	0	0	3
105	30	0	2.625	0.991803314	0.991805612	0.991801947	0.991809936	4.3638041e-06	0.000351301504	0	0.00301497	0	0	3
106	30	0	2.65	0.991799128	0.991805392	0.991799128	0.991809936	4.34791102e-06	0.000351301504	0	0.00302017	0	0	3
107	30	0	2.675	0.991801453	0.991805369	0.991799128	0.991809936	4.16379959e-06	0.000351301504	0	0.00294991	0	0	3
108	31	0	2.7	0.991802413	0.99180524	0.991799128	0.991809936	3.9395726e-06	0.000351301504	0	0.00292289	0	0	3
109	31	0	2.725	0.99180639	0.9918054	0.991799128	0.991809936	3.55318259e-06	0.000351301504	0	0.00301571	0	0	3
110	32	0	2.75	0.99180215	0.991805132	0.991799128	0.991809936	3.30310203e-06	0.000351301504	0	0.00295097	0	0	3
111	32	0	2.775	0.991801027	0.991804851	0.991799128	0.991809936	3.01170222e-06	0.000351301504	0	0.00291029	0	0	3
112	32	0	2.8	0.991802458	0.991804734	0.991799128	0.991809936	2.96059219e-06	0.000351301504	0	0.00302149	0	0	3
113	33	0	2.825	0.991801675	0.991804667	0.991799128	0.991809936	2.83270992e-06	0.000351301504	0	0.00294392	0	0	3
114	33	0	2.85	0.991801914	0.991804524	0.991799128	0.991809936	2.53314102e-06	0.000351301504	0	0.00293281	0	0	3
115	33	0	2.875	0.991802465	0.991804352	0.991799128	0.991809936	2.242545e-06	0.000351301504	0	0.00301676	0	0	3
116	34	0	2.9	0.991798021	0.99180387	0.991798021	0.991809936	2.16483032e-06	0.000351301504	0	0.00295462	0	0	3
117	34	0	2.925	0.991803897	0.991803764	0.991798021	0.991809936	2.02902026e-06	0.000351301504	0	0.00292121	0	0	3
118	35	0	2.95	0.9918013	0.99180359	0.991798021	0.991809936	2.04778196e-06	0.000351301504	0	0.00303141	0	0	3
119	35	0	2.975	0.991801011	0.991803175	0.991798021	0.991809936	2.46262859e-06	0.000351301504	0	0.00301079	0	0	3
120	35	0	3	0.991803756	0.991803023	0.991798021	0.991809936	2.61444031e-06	0.000351301504	0	0.002923	0	0	3
121	36	0	3.025	0.991803113	0.991803043	0.991798021	0.991809936	2.61444031e-06	0.000351301504	0	0.00301547	0	0	3
122	36	0	3.05	0.991803477	0.991802735	0.991798021	0.991809014	2.902846e-06	0.000351301504	0	0.00295314	0	0	3
123	37	0	3.075	0.991806469	0.991802614	0.991798021	0.991806469	3.02400014e-06	0.000351301504	0	0.00293606	0	0	3
124	37	0	3.1	0.991809025	0.991802873	0.991798021	0.991809025	3.02400014e-06	0.000351301504	0	0.00300908	0	0	3
125	37	0	3.125	0.991804798	0.991802822	0.991798021	0.991809025	2.99805126e-06	0.000351301504	0	0.00293565	0	0	3
126	38	0	3.15	0.991809056	0.991803095	0.991798021	0.991809056	2.78613375e-06	0.000351301504	0	0.00302347	0	0	3
127	38	0	3.175	0.99180729	0.991803484	0.991798021	0.991809056	2.78613375e-06	0.000351301504	0	0.00293428	0	0	3
128	38	0	3.2	0.991803132	0.991803564	0.991798021	0.991809056	2.78613375e-06	0.000351301504	0	0.00292474	0	0	3
129	39	0	3.225	0.991803408	0.991803611	0.991798021	0.991809056	2.78613375e-06	0.000351301504	0	0.00299202	0	0	3
130	39	0	3.25	0.99180508	0.991803549	0.991798021	0.991809056	2.5180581e-06	0.000351301504	0	0.00294905	0	0	3
131	39	0	3.275	0.991808568	0.991803854	0.991798021	0.991809056	2.2369602e-06	0.000351301504	0	0.0029246	0	0	3
132	40	0	3.3	0.991808053	0.991804189	0.991798021	0.991809056	2.12050738e-06	0.000351301504	0	0.00293823	0	0	3
133	40	0	3.325	0.991806544	0.991804383	0.991798021	0.991809056	2.05338861e-06	0.000351301504	0	0.00298591	0	0	3
134	40	0	3.35	0.991800535	0.991804329	0.991798021	0.991809056	1.91027622e-06	0.000351301504	0	0.00301298	0	0	3
135	41	0	3.375	0.991802353	0.99180435	0.991798021	0.991809056	1.76964783e-06	0.000351301504	0	0.00299149	0	0	3
136	41	0	3.4	0.991802685	0.99180436	0.991798021	0.991809056	1.76964783e-06	0.000351301504	0	0.00292758	0	0	3
137	41	0	3.425	0.991805582	0.991804721	0.991800535	0.991809056	2.10673233e-06	0.000351301504	0	0.00292908	0	0	3
138	42	0	3.45	0.99180575	0.991804809	0.991800535	0.991809056	2.19498208e-06	0.000351301504	0	0.0030212	0	0	3
139	42	0	3.475	0.991802399	0.991804861	0.991800535	0.991809056	2.247354e-06	0.000351301504	0	0.00293511	0	0	3
140	43	0	3.5	0.991801651	0.991804892	0.991800535	0.991809056	2.27783626e-06	0.000351301504	0	0.00292101	0	0	3
141	43	0	3.525	0.991803875	0.991804897	0.991800535	0.991809056	2.28351445e-06	0.000351301504	0	0.00300383	0	0	3
142	43	0	3.55	0.991804315	0.991804955	0.991800535	0.991809056	2.34078702e-06	0.000351301504	0	0.00301478	0	0	3
143	44	0	3.575	0.991806651	0.991805106	0.991800535	0.991809056	2.4919552e-06	0.000351301504	0	0.00293045	0	0	3
144	44	0	3.6	0.991802833	0.991804933	0.991800535	0.991809056	2.28411497e-06	0.000351301504	0	0.00292242	0	0	3
145	44	0	3.625	0.991807457	0.991804858	0.991800535	0.991809056	2.28411497e-06	0.000351301504	0	0.00302335	0	0	3
146	45	0	3.65	0.991806886	0.991804957	0.991800535	0.991809056	2.01069229e-06	0.000351301504	0	0.00295241	0	0	3
147	45	0	3.675	0.991806725	0.991804846	0.991800535	0.991808568	1.62203935e-06	0.000351301504	0	0.00293314	0	0	3
148	45	0	3.7	0.991806975	0.991804831	0.991800535	0.991808568	1.55702855e-06	0.000351301504	0	0.00292071	0	0	3
149	46	0	3.725	0.991801499	0.991804754	0.991800535	0.991808568	1.55702855e-06	0.000351301504	0	0.00302222	0	0	3
150	46	0	3.75	0.991801736	0.991804674	0.991800535	0.991808568	1.55702855e-06	0.000351301504	0	0.00295142	0	0	3
151	46	0	3.775	0.991806884	0.99180476	0.991800535	0.991808568	1.25140255e-06	0.000351301504	0	0.00302149	0	0	3
152	47	0	3.8	0.991808805	0.991804771	0.991800535	0.991808805	9.16865884e-07	0.000351301504	0	0.00299901	0	0	3
153	47	0	3.825	0.991802885	0.991804525	0.991800535	0.991808805	7.76589593e-07	0.000351301504	0	0.00301547	0	0	3
154	47	0	3.85	0.991802008	0.991804309	0.991800535	0.991808805	7.96776289e-07	0.000351301504	0	0.0029377	0	0	3
155	48	0	3.875	0.991809051	0.991804715	0.991801499	0.991809051	7.96776289e-07	0.000351301504	0	0.00301974	0	0	3
156	48	0	3.9	0.991809611	0.99180506	0.991801499	0.991809611	7.96776289e-07	0.000351301504	0	0.00293976	0	0	3
157	48	0	3.925	0.991803675	0.991805107	0.991801499	0.991809611	7.98345585e-07	0.000351301504	0	0.00299639	0	0	3
158	48	0	3.95	0.991803847	0.991805025	0.991801499	0.991809611	7.98345585e-07	0.000351301504	0	0.00301716	0	0	3
159	49	0	3.975	0.991810941	0.991805272	0.991801499	0.991810941	9.62869503e-07	0.000351301504	0	0.00301077	0	0	3
160	49	0	4	0.991808519	0.991805563	0.991801499	0.991810941	1.25428363e-06	0.000351301504	0	0.0029251	0	0	3
