Iteration	CPUTime	PhysTime	Travels	Value	AvValue	MinValue	MaxValue	Delta	Criteria	Progress	dGMaxMin	CriteriaType	CriteriaVarType	CriteriaPercentage
1	1	0	0.025	101340.78	101340.78	101340.78	101340.78	0	0	0	11640.2	0	0	3
2	1	0	0.05	101286.823	101313.801	101286.823	101340.78	26.978566	0	0	11930.6	0	0	3
3	1	0	0.075	101335.777	101321.127	101286.823	101340.78	26.978566	0	0	9148.72	0	0	3
4	1	0	0.1	101325.024	101322.101	101286.823	101340.78	26.978566	0	0	4512.88	0	0	3
5	2	0	0.125	101319.695	101321.62	101286.823	101340.78	26.978566	0	0	1971.7	0	0	3
6	2	0	0.15	101320.556	101321.443	101286.823	101340.78	26.978566	0	0	1665.71	0	0	3
7	2	0	0.175	101324.862	101321.931	101286.823	101340.78	26.978566	0	0	1663.22	0	0	3
8	2	0	0.2	101321.015	101321.817	101286.823	101340.78	26.978566	0	0	1648.35	0	0	3
9	2	0	0.225	101324.528	101322.118	101286.823	101340.78	26.978566	0	0	1698.92	0	0	3
10	3	0	0.25	101321.191	101322.025	101286.823	101340.78	26.978566	0	0	1617	0	0	3
11	3	0	0.275	101338.869	101323.556	101286.823	101340.78	26.978566	0	0	1632.87	0	0	3
12	3	0	0.3	101351.618	101325.895	101286.823	101351.618	26.978566	0	0	1633.7	0	0	3
13	3	0	0.325	101392.727	101331.036	101286.823	101392.727	26.978566	0	0	1639.21	0	0	3
14	3	0	0.35	101418.682	101337.296	101286.823	101418.682	26.978566	0	0	1665.36	0	0	3
15	4	0	0.375	101464.269	101345.761	101286.823	101464.269	31.9601449	0	0	1679.51	0	0	3
16	4	0	0.4	101484.578	101354.437	101286.823	101484.578	40.6362231	0	0	1694.2	0	0	3
17	4	0	0.425	101506.459	101363.38	101286.823	101506.459	49.5786523	0	0	1691.21	0	0	3
18	4	0	0.45	101518.108	101371.976	101286.823	101518.108	58.1746737	0	0	1774.64	0	0	3
19	5	0	0.475	101514.747	101379.49	101286.823	101518.108	65.6889282	0	0	1886.99	0	0	3
20	5	0	0.5	101492.975	101385.164	101286.823	101518.108	71.3631625	0	0	1998.96	0	0	3
21	5	0	0.525	101460.861	101391.168	101286.823	101518.108	77.3672382	0	0	2250.07	0	0	3
22	5	0	0.55	101434.623	101398.558	101319.695	101518.108	77.4317914	0	0	2469.04	0	0	3
23	5	0	0.575	101407.438	101402.141	101319.695	101518.108	80.6987901	0	0	2652.64	0	0	3
24	6	0	0.6	101388.918	101405.336	101319.695	101518.108	83.8934757	0	0	2807.89	0	0	3
25	6	0	0.625	101371.578	101407.93	101320.556	101518.108	86.4875999	0	0	2920.72	0	0	3
26	6	0	0.65	101359.676	101409.886	101321.015	101518.108	88.069571	0	0	3009.6	0	0	3
27	7	0	0.675	101352.729	101411.28	101321.015	101518.108	89.4629177	0	0	3056.3	0	0	3
28	7	0	0.7	101343.849	101412.421	101321.191	101518.108	90.3960516	0	0	3116.31	0	0	3
29	7	0	0.725	101339.338	101413.162	101321.191	101518.108	91.1365803	0	0	3153.1	0	0	3
30	7	0	0.75	101330.247	101413.615	101330.247	101518.108	90.0580896	0	0	3203.63	0	0	3
31	7	0	0.775	101330.146	101413.178	101330.146	101518.108	87.7195944	0	0	3209.35	0	0	3
32	8	0	0.8	101329.044	101412.05	101329.044	101518.108	82.5786654	0	0	3261.13	0	0	3
33	8	0	0.825	101329.848	101408.906	101329.044	101518.108	76.318211	0	0	3289.22	0	0	3
34	8	0	0.85	101330.341	101404.489	101329.044	101518.108	67.8533357	0	0	3327.54	0	0	3
35	9	0	0.875	101329.563	101397.753	101329.044	101518.108	59.1772575	0	0	3350.66	0	0	3
36	9	0	0.9	101328.344	101389.942	101328.344	101518.108	50.2348282	0	0	3383.42	0	0	3
37	9	0	0.925	101329.393	101381.088	101328.344	101518.108	41.6388069	0	0	3381.56	0	0	3
38	9	0	0.95	101327.671	101371.567	101327.671	101514.747	42.0479837	0	0	3430.49	0	0	3
39	9	0	0.975	101328.175	101362.238	101327.671	101492.975	51.3765741	0	0	3430.09	0	0	3
40	10	0	1	101327.719	101353.975	101327.671	101460.861	59.6393433	29.7618985	49.9	3462.1	0	0	3
41	10	0	1.025	101327.096	101347.287	101327.096	101434.623	66.3275825	29.7618985	44.8	3433.04	0	0	3
42	10	0	1.05	101326.305	101341.871	101326.305	101407.438	71.7434601	29.7618985	41.4	3477.92	0	0	3
43	10	0	1.075	101327.468	101337.873	101326.305	101388.918	62.6130447	29.7618985	47.5	3462.73	0	0	3
44	11	0	1.1	101327.657	101337.386	101326.305	101388.918	62.6130447	29.7618985	47.5	3484.79	0	0	3
45	11	0	1.125	101328.845	101334.526	101326.305	101371.578	45.2729611	29.7618985	65.7	3461.34	0	0	3
46	11	0	1.15	101328.739	101332.486	101326.305	101359.676	33.3714551	29.7618985	89.1	3485.91	0	0	3
47	12	0	1.175	101329.646	101331.056	101326.305	101352.729	26.4242208	29.7618985	100	3458.52	0	0	3
48	12	0	1.2	101328.715	101329.912	101326.305	101343.849	17.5445021	29.7618985	100	3485.55	0	0	3
49	12	0	1.225	101329.193	101329.214	101326.305	101339.338	13.0333495	29.7618985	100	3464.13	0	0	3
50	13	0	1.25	101328.238	101328.685	101326.305	101330.341	4.03642945	29.7618985	100	3498.95	0	0	3
51	13	0	1.275	101328.593	101328.607	101326.305	101330.341	4.03642945	29.7618985	100	3481.86	0	0	3
52	13	0	1.3	101327.827	101328.496	101326.305	101330.341	4.03642945	29.7618985	100	3513.43	0	0	3
53	13	0	1.325	101328.106	101328.452	101326.305	101330.341	4.03642945	29.7618985	100	3484.72	0	0	3
54	14	0	1.35	101327.934	101328.36	101326.305	101330.341	4.03642945	29.7618985	100	3520.95	0	0	3
55	14	0	1.375	101329.579	101328.324	101326.305	101329.646	3.34078629	29.7618985	100	3491.85	0	0	3
56	14	0	1.4	101329.083	101328.301	101326.305	101329.646	3.34078629	29.7618985	100	3518.24	0	0	3
57	15	0	1.425	101329.676	101328.365	101326.305	101329.676	3.37106563	29.7618985	100	3491.76	0	0	3
58	15	0	1.45	101329.444	101328.367	101326.305	101329.676	3.37106563	29.7618985	100	3527.82	0	0	3
59	15	0	1.475	101330.711	101328.512	101326.305	101330.711	4.40645298	29.7618985	100	3519.4	0	0	3
60	16	0	1.5	101330.39	101328.617	101326.305	101330.711	4.40645298	29.7618985	100	3536.09	0	0	3
61	16	0	1.525	101331.41	101328.793	101326.305	101331.41	5.10521205	29.7618985	100	3516.37	0	0	3
62	16	0	1.55	101330.869	101328.973	101326.305	101331.41	5.10521205	29.7618985	100	3545.24	0	0	3
63	16	0	1.575	101331.546	101329.222	101327.468	101331.546	4.07764359	29.7618985	100	3530.09	0	0	3
64	17	0	1.6	101330.751	101329.379	101327.657	101331.546	3.88860128	29.7618985	100	3558.63	0	0	3
65	17	0	1.625	101331.202	101329.547	101327.827	101331.546	3.71878126	29.7618985	100	3522.53	0	0	3
66	17	0	1.65	101330.736	101329.637	101327.827	101331.546	3.71878126	29.7618985	100	3568.19	0	0	3
67	18	0	1.675	101332.27	101329.806	101327.827	101332.27	2.75425245	29.7618985	100	3536.73	0	0	3
68	18	0	1.7	101331.939	101329.915	101327.827	101332.27	1.61353906	29.7618985	100	3591.22	0	0	3
69	18	0	1.725	101332.482	101330.094	101327.827	101332.482	1.79294498	29.7618985	100	3552.25	0	0	3
70	18	0	1.75	101331.548	101330.206	101327.827	101332.482	1.90507814	29.7618985	100	3599.46	0	0	3
71	19	0	1.775	101332.271	101330.398	101327.827	101332.482	2.09715488	29.7618985	100	3558.02	0	0	3
72	19	0	1.8	101332.224	101330.571	101327.827	101332.482	2.27006411	29.7618985	100	3600.42	0	0	3
73	19	0	1.825	101333.075	101330.821	101327.934	101333.075	2.51996924	29.7618985	100	3562.25	0	0	3
74	20	0	1.85	101332.943	101331.052	101327.934	101333.075	2.75030205	29.7618985	100	3627.36	0	0	3
75	20	0	1.875	101333.679	101331.325	101329.083	101333.679	3.0238619	29.7618985	100	3600.15	0	0	3
76	20	0	1.9	101333.641	101331.519	101329.083	101333.679	3.21731889	29.7618985	100	3639.78	0	0	3
77	20	0	1.925	101334.374	101331.771	101329.444	101334.374	3.40586774	29.7618985	100	3600.67	0	0	3
78	21	0	1.95	101334.128	101331.983	101329.444	101334.374	3.61545188	29.7618985	100	3644.04	0	0	3
79	21	0	1.975	101334.293	101332.213	101330.39	101334.374	3.70160427	29.7618985	100	3611.01	0	0	3
80	21	0	2	101333.354	101332.339	101330.39	101334.374	3.72197997	29.7618985	100	3647.46	0	0	3
81	21	0	2.025	101333.726	101332.498	101330.736	101334.374	3.63830139	29.7618985	100	3602.54	0	0	3
82	22	0	2.05	101333.779	101332.611	101330.736	101334.374	3.63826165	29.7618985	100	3658.68	0	0	3
83	22	0	2.075	101334.847	101332.8	101330.736	101334.847	3.57815871	29.7618985	100	3622.09	0	0	3
84	22	0	2.1	101333.867	101332.911	101330.736	101334.847	3.53238055	29.7618985	100	3668.88	0	0	3
85	23	0	2.125	101334.236	101333.077	101330.736	101334.847	3.52955095	29.7618985	100	3625.17	0	0	3
86	23	0	2.15	101334.309	101333.225	101330.736	101334.847	3.58747838	29.7618985	100	3678.63	0	0	3
87	23	0	2.175	101335.443	101333.449	101331.548	101335.443	3.64342466	29.7618985	100	3637.59	0	0	3
88	24	0	2.2	101335.617	101333.608	101331.548	101335.617	3.69358626	29.7618985	100	3692.46	0	0	3
89	24	0	2.225	101336.054	101333.804	101331.548	101336.054	3.71013122	29.7618985	100	3647.51	0	0	3
90	24	0	2.25	101335.56	101333.951	101331.548	101336.054	3.74454962	29.7618985	100	3703.17	0	0	3
91	25	0	2.275	101336.926	101334.207	101332.224	101336.926	3.80856665	29.7618985	100	3664.18	0	0	3
92	25	0	2.3	101336.926	101334.429	101332.224	101336.926	3.85732223	29.7618985	100	3714.83	0	0	3
93	25	0	2.325	101336.959	101334.654	101332.943	101336.959	3.83286932	29.7618985	100	3673.01	0	0	3
94	26	0	2.35	101336.533	101334.819	101332.943	101336.959	3.76719798	29.7618985	100	3728.12	0	0	3
95	26	0	2.375	101337.348	101335.029	101333.354	101337.348	3.70340718	29.7618985	100	3684.18	0	0	3
96	26	0	2.4	101337.154	101335.194	101333.354	101337.348	3.6754044	29.7618985	100	3733.69	0	0	3
97	27	0	2.425	101337.415	101335.374	101333.354	101337.415	3.603134	29.7618985	100	3693.66	0	0	3
98	27	0	2.45	101336.664	101335.483	101333.354	101337.415	3.50016322	29.7618985	100	3750.14	0	0	3
99	28	0	2.475	101337.551	101335.646	101333.354	101337.551	3.43224927	29.7618985	100	3712.29	0	0	3
100	28	0	2.5	101337.478	101335.797	101333.354	101337.551	3.45807259	29.7618985	100	3764.73	0	0	3
101	29	0	2.525	101338.226	101336.029	101333.726	101338.226	3.53116174	29.7618985	100	3720.81	0	0	3
102	29	0	2.55	101337.116	101336.191	101333.779	101338.226	3.57981838	29.7618985	100	3777.36	0	0	3
103	29	0	2.575	101337.765	101336.381	101333.867	101338.226	3.58017642	29.7618985	100	3728.24	0	0	3
104	30	0	2.6	101337.272	101336.496	101333.867	101338.226	3.58509169	29.7618985	100	3778.11	0	0	3
105	30	0	2.625	101337.762	101336.682	101334.236	101338.226	3.60462355	29.7618985	100	3736.18	0	0	3
106	30	0	2.65	101337.793	101336.851	101334.309	101338.226	3.6260632	29.7618985	100	3802.34	0	0	3
107	30	0	2.675	101338.858	101337.068	101335.443	101338.858	3.41565886	29.7618985	100	3762.34	0	0	3
108	31	0	2.7	101337.968	101337.188	101335.56	101338.858	3.29863092	29.7618985	100	3820.8	0	0	3
109	31	0	2.725	101337.935	101337.298	101335.56	101338.858	3.29863092	29.7618985	100	3788.77	0	0	3
110	32	0	2.75	101337.602	101337.372	101335.56	101338.858	3.29863092	29.7618985	100	3835.95	0	0	3
111	32	0	2.775	101338.635	101337.518	101336.533	101338.858	2.32570881	29.7618985	100	3783.52	0	0	3
112	32	0	2.8	101338.199	101337.579	101336.533	101338.858	2.32570881	29.7618985	100	3834.46	0	0	3
113	33	0	2.825	101338.702	101337.664	101336.533	101338.858	2.32570881	29.7618985	100	3789.3	0	0	3
114	33	0	2.85	101338.789	101337.751	101336.533	101338.858	2.32570881	29.7618985	100	3849.86	0	0	3
115	33	0	2.875	101339.703	101337.902	101336.664	101339.703	2.87311964	29.7618985	100	3800.25	0	0	3
116	34	0	2.9	101339.022	101337.981	101336.664	101339.703	2.78739262	29.7618985	100	3858.05	0	0	3
117	34	0	2.925	101339.156	101338.077	101336.664	101339.703	2.7030694	29.7618985	100	3820.63	0	0	3
118	35	0	2.95	101338.673	101338.137	101336.664	101339.703	2.65398645	29.7618985	100	3883.83	0	0	3
119	35	0	2.975	101339.48	101338.271	101337.116	101339.703	2.58651023	29.7618985	100	3838.8	0	0	3
120	35	0	3	101339.008	101338.34	101337.116	101339.703	2.54283658	29.7618985	100	3890.57	0	0	3
121	36	0	3.025	101339.404	101338.432	101337.116	101339.703	2.40259088	29.7618985	100	3850.15	0	0	3
122	36	0	3.05	101338.797	101338.459	101337.116	101339.703	2.26834559	29.7618985	100	3906.23	0	0	3
123	37	0	3.075	101339.454	101338.57	101337.272	101339.703	2.1898775	29.7618985	100	3863.5	0	0	3
124	37	0	3.1	101339.293	101338.643	101337.272	101339.703	2.14720901	29.7618985	100	3919.35	0	0	3
125	37	0	3.125	101340.236	101338.784	101337.602	101340.236	2.10288794	29.7618985	100	3870.76	0	0	3
126	38	0	3.15	101339.947	101338.888	101337.602	101340.236	2.03750937	29.7618985	100	3917.8	0	0	3
127	38	0	3.175	101340.788	101339.031	101337.602	101340.788	1.96344885	29.7618985	100	3871.73	0	0	3
128	38	0	3.2	101339.986	101339.085	101337.602	101340.788	1.89688167	29.7618985	100	3923.78	0	0	3
129	39	0	3.225	101339.776	101339.171	101337.602	101340.788	1.87263044	29.7618985	100	3889.57	0	0	3
130	39	0	3.25	101338.882	101339.216	101337.602	101340.788	1.84403423	29.7618985	100	3964.13	0	0	3
131	39	0	3.275	101339.734	101339.317	101338.199	101340.788	1.79908296	29.7618985	100	3926.74	0	0	3
132	40	0	3.3	101339.432	101339.355	101338.199	101340.788	1.77642867	29.7618985	100	3982.69	0	0	3
133	40	0	3.325	101339.955	101339.439	101338.673	101340.788	1.7755326	29.7618985	100	3938.54	0	0	3
134	40	0	3.35	101339.996	101339.501	101338.673	101340.788	1.74996279	29.7618985	100	3987.57	0	0	3
135	41	0	3.375	101340.797	101339.596	101338.673	101340.797	1.69461916	29.7618985	100	3950.62	0	0	3
136	41	0	3.4	101340.436	101339.631	101338.673	101340.797	1.64982293	29.7618985	100	4004.9	0	0	3
137	41	0	3.425	101340.201	101339.687	101338.673	101340.797	1.61060036	29.7618985	100	3965.43	0	0	3
138	42	0	3.45	101339.509	101339.704	101338.673	101340.797	1.56743943	29.7618985	100	3999.63	0	0	3
139	42	0	3.475	101340.442	101339.788	101338.797	101340.797	1.51755082	29.7618985	100	3952.11	0	0	3
140	43	0	3.5	101340.649	101339.844	101338.797	101340.797	1.50380979	29.7618985	100	4005.5	0	0	3
141	43	0	3.525	101341.711	101339.973	101338.797	101341.711	1.54077457	29.7618985	100	3966.28	0	0	3
142	43	0	3.55	101341.681	101340.081	101338.797	101341.711	1.62198056	29.7618985	100	4018.17	0	0	3
143	44	0	3.575	101341.931	101340.23	101338.882	101341.931	1.65989258	29.7618985	100	3962.48	0	0	3
144	44	0	3.6	101341.395	101340.323	101338.882	101341.931	1.67949964	29.7618985	100	4009.4	0	0	3
145	44	0	3.625	101341.911	101340.447	101338.882	101341.931	1.66297771	29.7618985	100	3971.19	0	0	3
146	45	0	3.65	101341.876	101340.525	101338.882	101341.931	1.63702309	29.7618985	100	4037.15	0	0	3
147	45	0	3.675	101342.439	101340.644	101338.882	101342.439	1.61310821	29.7618985	100	4002.42	0	0	3
148	45	0	3.7	101341.613	101340.683	101338.882	101342.439	1.59871976	29.7618985	100	4055.15	0	0	3
149	46	0	3.725	101341.978	101340.778	101338.882	101342.439	1.60749692	29.7618985	100	4027.38	0	0	3
150	46	0	3.75	101341.494	101340.86	101338.882	101342.439	1.64418675	29.7618985	100	4077.41	0	0	3
151	46	0	3.775	101342.171	101341.017	101339.432	101342.439	1.6993112	29.7618985	100	4040.65	0	0	3
152	47	0	3.8	101341.947	101341.122	101339.432	101342.439	1.76674582	29.7618985	100	4082.15	0	0	3
153	47	0	3.825	101342.839	101341.284	101339.509	101342.839	1.84530565	29.7618985	100	4020.5	0	0	3
154	47	0	3.85	101342.583	101341.409	101339.509	101342.839	1.90883234	29.7618985	100	4075.09	0	0	3
155	48	0	3.875	101342.681	101341.537	101339.509	101342.839	1.9410814	29.7618985	100	4027.32	0	0	3
156	48	0	3.9	101341.513	101341.571	101339.509	101342.839	1.94022335	29.7618985	100	4083.79	0	0	3
157	48	0	3.925	101342.194	101341.655	101339.509	101342.839	1.96779782	29.7618985	100	4037.84	0	0	3
158	48	0	3.95	101341.621	101341.723	101339.509	101342.839	2.01863359	29.7618985	100	4093.89	0	0	3
159	49	0	3.975	101342.146	101341.848	101340.442	101342.839	2.05997647	29.7618985	100	4065.74	0	0	3
160	49	0	4	101341.021	101341.876	101340.649	101342.839	2.03190144	29.7618985	100	4114.44	0	0	3
