Iteration	CPUTime	PhysTime	Travels	Value	AvValue	MinValue	MaxValue	Delta	Criteria	Progress	dGMaxMin	CriteriaType	CriteriaVarType	CriteriaPercentage
1	1	0	0.025	0	0	0	0	0	0	0	0	0	0	3
2	1	0	0.05	0.000354356232	0.000177178116	0	0.000354356232	0.000177178116	0	0	0	0	0	3
3	1	0	0.075	-1.59459778e-06	0.000117587211	-1.59459778e-06	0.000354356232	0.000177178116	0	0	0	0	0	3
4	1	0	0.1	-7.37939021e-06	8.63455609e-05	-7.37939021e-06	0.000354356232	0.000177178116	0	0	0	0	0	3
5	2	0	0.125	-3.32303027e-06	6.84118427e-05	-7.37939021e-06	0.000354356232	0.000177178116	0	0	0	0	0	3
6	2	0	0.15	-3.95304845e-06	5.63510275e-05	-7.37939021e-06	0.000354356232	0.000177178116	0	0	0	0	0	3
7	2	0	0.175	-1.25036482e-05	4.65146452e-05	-1.25036482e-05	0.000354356232	0.000177178116	0	0	0	0	0	3
8	2	0	0.2	-0.000120060835	2.56927102e-05	-0.000120060835	0.000354356232	0.000177178116	0	0	0	0	0	3
9	2	0	0.225	-0.000163644151	4.65528116e-06	-0.000163644151	0.000354356232	0.000177178116	0	0	0	0	0	3
10	3	0	0.25	-0.000630768776	-5.88871246e-05	-0.000630768776	0.000354356232	0.00023606524	0	0	0	0	0	3
11	3	0	0.275	-0.000710712537	-0.00011814398	-0.000710712537	0.000354356232	0.000295322096	0	0	0	0	0	3
12	3	0	0.3	-0.0044238037	-0.000476948957	-0.0044238037	0.000354356232	0.000654127072	0	0	0	0	0	3
13	3	0	0.325	-0.00895483445	-0.00112909399	-0.00895483445	0.000354356232	0.00130627211	0	0	0	0	0	3
14	3	0	0.35	-0.0152797496	-0.00213985511	-0.0152797496	0.000354356232	0.00231703323	0	0	0	0	0	3
15	4	0	0.375	-0.0231639322	-0.00354146025	-0.0231639322	0.000354356232	0.00371863836	0	0	0	0	0	3
16	4	0	0.4	-0.0360846771	-0.0055754113	-0.0360846771	0.000354356232	0.00575258942	0	0	0	0	0	3
17	4	0	0.425	-0.0615413587	-0.00886752585	-0.0615413587	0.000354356232	0.00904470397	0	0	0	0	0	3
18	4	0	0.45	-0.101620751	-0.0140204828	-0.101620751	0.000354356232	0.0141976609	0	0	0	0	0	3
19	5	0	0.475	-0.143623915	-0.0208417161	-0.143623915	0.000354356232	0.0210188942	0	0	0	0	0	3
20	5	0	0.5	-0.193583217	-0.0294787911	-0.193583217	0.000354356232	0.0296559692	0	0	0	0	0	3
21	5	0	0.525	-0.340980251	-0.0465278037	-0.340980251	0.000354356232	0.0467049818	0	0	0	0	0	3
22	5	0	0.55	-0.470829148	-0.0700869789	-0.470829148	-1.59459778e-06	0.0702045661	0	0	0	0	0	3
23	5	0	0.575	-0.576640124	-0.0989189054	-0.576640124	-3.32303027e-06	0.099005251	0	0	0	0	0	3
24	6	0	0.6	-0.601069005	-0.128971987	-0.601069005	-3.32303027e-06	0.129040399	0	0	0	0	0	3
25	6	0	0.625	-0.672086521	-0.162576147	-0.672086521	-3.95304845e-06	0.162632498	0	0	0	0	0	3
26	6	0	0.65	-0.720445325	-0.198598215	-0.720445325	-1.25036482e-05	0.19864473	0	0	0	0	0	3
27	7	0	0.675	-0.765401656	-0.236867673	-0.765401656	-0.000120060835	0.236893365	0	0	0	0	0	3
28	7	0	0.7	-0.778569227	-0.275790131	-0.778569227	-0.000163644151	0.275794786	0	0	0	0	0	3
29	7	0	0.725	-0.79262917	-0.315413407	-0.79262917	-0.000630768776	0.31535452	0	0	0	0	0	3
30	7	0	0.75	-0.806315473	-0.355697643	-0.806315473	-0.000710712537	0.355579499	0	0	0	0	0	3
31	7	0	0.775	-0.807369282	-0.396030571	-0.807369282	-0.0044238037	0.395553622	0	0	0	0	0	3
32	8	0	0.8	-0.809525657	-0.436285664	-0.809525657	-0.00895483445	0.43515657	0	0	0	0	0	3
33	8	0	0.825	-0.813490802	-0.476512462	-0.813490802	-0.0152797496	0.474372607	0	0	0	0	0	3
34	8	0	0.85	-0.816865017	-0.516591726	-0.816865017	-0.0231639322	0.513050265	0	0	0	0	0	3
35	9	0	0.875	-0.819637788	-0.556415418	-0.819637788	-0.0360846771	0.550840007	0	0	0	0	0	3
36	9	0	0.9	-0.824994452	-0.595860907	-0.824994452	-0.0615413587	0.586993381	0	0	0	0	0	3
37	9	0	0.925	-0.831121592	-0.634339919	-0.831121592	-0.101620751	0.620319436	0	0	0	0	0	3
38	9	0	0.95	-0.816029857	-0.670060374	-0.831121592	-0.143623915	0.649218658	0	0	0	0	0	3
39	9	0	0.975	-0.831916603	-0.704475008	-0.831916603	-0.193583217	0.638333386	0	0	0	0	0	3
40	10	0	1	-0.823420576	-0.735966876	-0.831916603	-0.340980251	0.490936352	0.124787251	25.4	0	0	0	3
41	10	0	1.025	-0.837537027	-0.760794715	-0.837537027	-0.470829148	0.366707879	0.125630315	34.2	0	0	0	3
42	10	0	1.05	-0.830696724	-0.778788094	-0.837537027	-0.576640124	0.260896903	0.125630315	48.1	0	0	0	3
43	10	0	1.075	-0.835469707	-0.791729573	-0.837537027	-0.601069005	0.236468022	0.125630228	53.1	0	0	0	3
44	11	0	1.1	-0.827096715	-0.793413723	-0.837537027	-0.601069005	0.236468022	0.125630185	53.1	0	0	0	3
45	11	0	1.125	-0.831632745	-0.804392948	-0.837537027	-0.672086521	0.165450506	0.12563014	75.9	0	0	0	3
46	11	0	1.15	-0.828524476	-0.811842375	-0.837537027	-0.720445325	0.117091702	0.12563011	100	0	0	0	3
47	12	0	1.175	-0.831717007	-0.817141026	-0.837537027	-0.765401656	0.0721353708	0.125629906	100	0	0	0	3
48	12	0	1.2	-0.824787793	-0.819968938	-0.837537027	-0.778569227	0.0589677995	0.125627736	100	0	0	0	3
49	12	0	1.225	-0.83564449	-0.822686807	-0.837537027	-0.79262917	0.0449078565	0.125625322	100	0	0	0	3
50	13	0	1.25	-0.824612473	-0.824209822	-0.837537027	-0.806315473	0.031221554	0.125616383	100	0	0	0	3
51	13	0	1.275	-0.834559683	-0.825554784	-0.837537027	-0.807369282	0.030167745	0.12560798	100	0	0	0	3
52	13	0	1.3	-0.827340988	-0.826505818	-0.837537027	-0.809525657	0.0280113699	0.125554564	100	0	0	0	3
53	13	0	1.325	-0.834097643	-0.827675912	-0.837537027	-0.813490802	0.0240462246	0.125457084	100	0	0	0	3
54	14	0	1.35	-0.824819338	-0.828215366	-0.837537027	-0.816029857	0.0215071704	0.125305763	100	0	0	0	3
55	14	0	1.375	-0.831901213	-0.828931376	-0.837537027	-0.816029857	0.0215071704	0.125095777	100	0	0	0	3
56	14	0	1.4	-0.827452291	-0.829303495	-0.837537027	-0.816029857	0.0215071704	0.124790906	100	0	0	0	3
57	15	0	1.425	-0.832781694	-0.829674316	-0.837537027	-0.816029857	0.0215071704	0.124787251	100	0	0	0	3
58	15	0	1.45	-0.821561226	-0.82921906	-0.837537027	-0.816029857	0.0215071704	0.124787251	100	0	0	0	3
59	15	0	1.475	-0.83362475	-0.830056912	-0.837537027	-0.821561226	0.0159758009	0.124787251	100	0	0	0	3
60	16	0	1.5	-0.832431929	-0.830081452	-0.837537027	-0.821561226	0.0159758009	0.124787251	100	0	0	0	3
61	16	0	1.525	-0.831674389	-0.830474491	-0.837537027	-0.821561226	0.0159758009	0.124787251	100	0	0	0	3
62	16	0	1.55	-0.824925062	-0.829873921	-0.83564449	-0.821561226	0.0140832644	0.124787251	100	0	0	0	3
63	16	0	1.575	-0.834804384	-0.830069524	-0.83564449	-0.821561226	0.0140832644	0.124787251	100	0	0	0	3
64	17	0	1.6	-0.833533618	-0.829977329	-0.83564449	-0.821561226	0.0140832644	0.124787251	100	0	0	0	3
65	17	0	1.625	-0.835207643	-0.830363564	-0.83564449	-0.821561226	0.0140832644	0.124787251	100	0	0	0	3
66	17	0	1.65	-0.829328281	-0.830253827	-0.83564449	-0.821561226	0.0140832644	0.124787251	100	0	0	0	3
67	18	0	1.675	-0.834407188	-0.830533956	-0.83564449	-0.821561226	0.01339293	0.124787251	100	0	0	0	3
68	18	0	1.7	-0.832070032	-0.830550767	-0.83564449	-0.821561226	0.0105818294	0.124787251	100	0	0	0	3
69	18	0	1.725	-0.834464623	-0.831011568	-0.83564449	-0.821561226	0.00832476119	0.124787251	100	0	0	0	3
70	18	0	1.75	-0.825700614	-0.830538051	-0.835207643	-0.821561226	0.00680174679	0.124787251	100	0	0	0	3
71	19	0	1.775	-0.83487681	-0.831026828	-0.835207643	-0.821561226	0.00547204443	0.124787251	100	0	0	0	3
72	19	0	1.8	-0.82771939	-0.8307011	-0.835207643	-0.821561226	0.0045210108	0.124787251	100	0	0	0	3
73	19	0	1.825	-0.834380068	-0.831036295	-0.835207643	-0.821561226	0.00336038222	0.124787251	100	0	0	0	3
74	20	0	1.85	-0.830841214	-0.830881226	-0.835207643	-0.821561226	0.00282092816	0.124787251	100	0	0	0	3
75	20	0	1.875	-0.833992874	-0.831318061	-0.835207643	-0.821561226	0.00238668576	0.124787251	100	0	0	0	3
76	20	0	1.9	-0.827847843	-0.831125044	-0.835207643	-0.821561226	0.00209900107	0.124787251	100	0	0	0	3
77	20	0	1.925	-0.831707721	-0.831327683	-0.835207643	-0.821561226	0.00210862295	0.124787251	100	0	0	0	3
78	21	0	1.95	-0.824846612	-0.830949822	-0.835207643	-0.821561226	0.00210862295	0.124787251	100	0	0	0	3
79	21	0	1.975	-0.831036532	-0.831401027	-0.835207643	-0.824846612	0.00152710661	0.124787251	100	0	0	0	3
80	21	0	2	-0.819312087	-0.830719472	-0.835207643	-0.819312087	0.00152710661	0.124787251	100	0	0	0	3
81	21	0	2.025	-0.83379265	-0.830784268	-0.835207643	-0.819312087	0.00152710661	0.124787251	100	0	0	0	3
82	22	0	2.05	-0.818470163	-0.830155496	-0.835207643	-0.818470163	0.00152710661	0.124787251	100	0	0	0	3
83	22	0	2.075	-0.831973463	-0.830491134	-0.835207643	-0.818470163	0.00142369843	0.124787251	100	0	0	0	3
84	22	0	2.1	-0.829170991	-0.830222877	-0.835207643	-0.818470163	0.00142369843	0.124787251	100	0	0	0	3
85	23	0	2.125	-0.83292118	-0.830193713	-0.835207643	-0.818470163	0.00124553175	0.124787251	100	0	0	0	3
86	23	0	2.15	-0.817211741	-0.829336766	-0.83487681	-0.817211741	0.00206426182	0.124787251	100	0	0	0	3
87	23	0	2.175	-0.831844337	-0.829456578	-0.83487681	-0.817211741	0.00206426182	0.124787251	100	0	0	0	3
88	24	0	2.2	-0.828858037	-0.829192332	-0.83487681	-0.817211741	0.00220869494	0.124787251	100	0	0	0	3
89	24	0	2.225	-0.823030151	-0.828761862	-0.83487681	-0.817211741	0.00263916546	0.124787251	100	0	0	0	3
90	24	0	2.25	-0.821109101	-0.828125885	-0.83487681	-0.817211741	0.00327514273	0.124787251	100	0	0	0	3
91	25	0	2.275	-0.822753808	-0.827985561	-0.83487681	-0.817211741	0.00341546681	0.124787251	100	0	0	0	3
92	25	0	2.3	-0.818356768	-0.827198892	-0.834380068	-0.817211741	0.0042021355	0.124787251	100	0	0	0	3
93	25	0	2.325	-0.825012829	-0.827070008	-0.834380068	-0.817211741	0.00433101937	0.124787251	100	0	0	0	3
94	26	0	2.35	-0.823327829	-0.826543711	-0.833992874	-0.817211741	0.00485731642	0.124787251	100	0	0	0	3
95	26	0	2.375	-0.826226046	-0.826323941	-0.833992874	-0.817211741	0.00507708631	0.124787251	100	0	0	0	3
96	26	0	2.4	-0.824806022	-0.825886472	-0.83379265	-0.817211741	0.00551455547	0.124787251	100	0	0	0	3
97	27	0	2.425	-0.825728939	-0.825785572	-0.83379265	-0.817211741	0.00561545568	0.124787251	100	0	0	0	3
98	27	0	2.45	-0.829714295	-0.825690647	-0.83379265	-0.817211741	0.00571038071	0.124787251	100	0	0	0	3
99	28	0	2.475	-0.824331521	-0.825666119	-0.83379265	-0.817211741	0.00573490886	0.124787251	100	0	0	0	3
100	28	0	2.5	-0.823643893	-0.825314088	-0.83379265	-0.817211741	0.00547018018	0.124787251	100	0	0	0	3
101	29	0	2.525	-0.826122839	-0.82563841	-0.83379265	-0.817211741	0.00547018018	0.124787251	100	0	0	0	3
102	29	0	2.55	-0.8233979	-0.825143422	-0.83292118	-0.817211741	0.00534771227	0.124787251	100	0	0	0	3
103	29	0	2.575	-0.826429758	-0.82552245	-0.83292118	-0.817211741	0.00534771227	0.124787251	100	0	0	0	3
104	30	0	2.6	-0.824005914	-0.825143043	-0.83292118	-0.817211741	0.00507983422	0.124787251	100	0	0	0	3
105	30	0	2.625	-0.835363243	-0.825437912	-0.835363243	-0.817211741	0.00505067051	0.124787251	100	0	0	0	3
106	30	0	2.65	-0.822800741	-0.824955986	-0.835363243	-0.817211741	0.00450059153	0.124787251	100	0	0	0	3
107	30	0	2.675	-0.824714145	-0.825313244	-0.835363243	-0.818356768	0.00450059153	0.124787251	100	0	0	0	3
108	31	0	2.7	-0.814354261	-0.824480383	-0.835363243	-0.814354261	0.00471194967	0.124787251	100	0	0	0	3
109	31	0	2.725	-0.827079743	-0.824395702	-0.835363243	-0.814354261	0.00436615979	0.124787251	100	0	0	0	3
110	32	0	2.75	-0.828684357	-0.82466495	-0.835363243	-0.814354261	0.00373018252	0.124787251	100	0	0	0	3
111	32	0	2.775	-0.827079344	-0.824949247	-0.835363243	-0.814354261	0.00358985844	0.124787251	100	0	0	0	3
112	32	0	2.8	-0.829966629	-0.825292715	-0.835363243	-0.814354261	0.00280318976	0.124787251	100	0	0	0	3
113	33	0	2.825	-0.827554772	-0.825730715	-0.835363243	-0.814354261	0.00267430588	0.124787251	100	0	0	0	3
114	33	0	2.85	-0.828103098	-0.825877871	-0.835363243	-0.814354261	0.00214800883	0.124787251	100	0	0	0	3
115	33	0	2.875	-0.819394428	-0.825690566	-0.835363243	-0.814354261	0.00192823894	0.124787251	100	0	0	0	3
116	34	0	2.9	-0.815888046	-0.82519828	-0.835363243	-0.814354261	0.00149076978	0.124787251	100	0	0	0	3
117	34	0	2.925	-0.833464068	-0.825610568	-0.835363243	-0.814354261	0.00148216878	0.124787251	100	0	0	0	3
118	35	0	2.95	-0.812158085	-0.824964337	-0.835363243	-0.812158085	0.00148216878	0.124787251	100	0	0	0	3
119	35	0	2.975	-0.830586575	-0.825005874	-0.835363243	-0.812158085	0.00148216878	0.124787251	100	0	0	0	3
120	35	0	3	-0.821142635	-0.824854023	-0.835363243	-0.812158085	0.00148216878	0.124787251	100	0	0	0	3
121	36	0	3.025	-0.822397611	-0.824794676	-0.835363243	-0.812158085	0.00148216878	0.124787251	100	0	0	0	3
122	36	0	3.05	-0.824654054	-0.824724734	-0.835363243	-0.812158085	0.00148216878	0.124787251	100	0	0	0	3
123	37	0	3.075	-0.833809298	-0.825220515	-0.835363243	-0.812158085	0.00148216878	0.124787251	100	0	0	0	3
124	37	0	3.1	-0.818865355	-0.824860305	-0.835363243	-0.812158085	0.00148216878	0.124787251	100	0	0	0	3
125	37	0	3.125	-0.82816809	-0.825058504	-0.835363243	-0.812158085	0.00148216878	0.124787251	100	0	0	0	3
126	38	0	3.15	-0.810244344	-0.823862366	-0.833809298	-0.810244344	0.00201550521	0.124787251	100	0	0	0	3
127	38	0	3.175	-0.829945417	-0.824202588	-0.833809298	-0.810244344	0.00201550521	0.124787251	100	0	0	0	3
128	38	0	3.2	-0.811246453	-0.82356127	-0.833809298	-0.810244344	0.00231660119	0.124787251	100	0	0	0	3
129	39	0	3.225	-0.831517515	-0.824378568	-0.833809298	-0.810244344	0.00231660119	0.124787251	100	0	0	0	3
130	39	0	3.25	-0.815120447	-0.823809077	-0.833809298	-0.810244344	0.00231660119	0.124787251	100	0	0	0	3
131	39	0	3.275	-0.831597131	-0.823947781	-0.833809298	-0.810244344	0.00231660119	0.124787251	100	0	0	0	3
132	40	0	3.3	-0.829500161	-0.824063058	-0.833809298	-0.810244344	0.00231660119	0.124787251	100	0	0	0	3
133	40	0	3.325	-0.836977578	-0.824396912	-0.836977578	-0.810244344	0.00231660119	0.124787251	100	0	0	0	3
134	40	0	3.35	-0.823106143	-0.824185073	-0.836977578	-0.810244344	0.00231660119	0.124787251	100	0	0	0	3
135	41	0	3.375	-0.828633785	-0.824210344	-0.836977578	-0.810244344	0.00212929637	0.124787251	100	0	0	0	3
136	41	0	3.4	-0.831323692	-0.824778404	-0.836977578	-0.810244344	0.00204929857	0.124787251	100	0	0	0	3
137	41	0	3.425	-0.834122787	-0.825646725	-0.836977578	-0.810244344	0.00208545521	0.124787251	100	0	0	0	3
138	42	0	3.45	-0.819006392	-0.824958264	-0.836977578	-0.810244344	0.00208545521	0.124787251	100	0	0	0	3
139	42	0	3.475	-0.833463497	-0.825972808	-0.836977578	-0.810244344	0.0024115379	0.124787251	100	0	0	0	3
140	43	0	3.5	-0.828150497	-0.825856804	-0.836977578	-0.810244344	0.0024115379	0.124787251	100	0	0	0	3
141	43	0	3.525	-0.829984417	-0.826277841	-0.836977578	-0.810244344	0.00271657138	0.124787251	100	0	0	0	3
142	43	0	3.55	-0.813173474	-0.825838596	-0.836977578	-0.810244344	0.00271657138	0.124787251	100	0	0	0	3
143	44	0	3.575	-0.828639704	-0.826028389	-0.836977578	-0.810244344	0.00271657138	0.124787251	100	0	0	0	3
144	44	0	3.6	-0.813616185	-0.825066813	-0.836977578	-0.810244344	0.00271657138	0.124787251	100	0	0	0	3
145	44	0	3.625	-0.829757224	-0.825585473	-0.836977578	-0.810244344	0.00271657138	0.124787251	100	0	0	0	3
146	45	0	3.65	-0.815113694	-0.824963835	-0.836977578	-0.810244344	0.00271657138	0.124787251	100	0	0	0	3
147	45	0	3.675	-0.840552417	-0.826407077	-0.840552417	-0.811246453	0.00284580695	0.124787251	100	0	0	0	3
148	45	0	3.7	-0.827863501	-0.826307938	-0.840552417	-0.811246453	0.00284580695	0.124787251	100	0	0	0	3
149	46	0	3.725	-0.827400032	-0.827077156	-0.840552417	-0.813173474	0.00326807863	0.124787251	100	0	0	0	3
150	46	0	3.75	-0.824756906	-0.826755222	-0.840552417	-0.813173474	0.00326807863	0.124787251	100	0	0	0	3
151	46	0	3.775	-0.839831188	-0.827931924	-0.840552417	-0.813173474	0.00398414331	0.124787251	100	0	0	0	3
152	47	0	3.8	-0.829314945	-0.827823249	-0.840552417	-0.813173474	0.00386886633	0.124787251	100	0	0	0	3
153	47	0	3.825	-0.831602022	-0.827923337	-0.840552417	-0.813173474	0.00374685108	0.124787251	100	0	0	0	3
154	47	0	3.85	-0.81727898	-0.826985309	-0.840552417	-0.813173474	0.00374685108	0.124787251	100	0	0	0	3
155	48	0	3.875	-0.835355548	-0.827568614	-0.840552417	-0.813173474	0.0037215803	0.124787251	100	0	0	0	3
156	48	0	3.9	-0.815696465	-0.826952551	-0.840552417	-0.813173474	0.00315352012	0.124787251	100	0	0	0	3
157	48	0	3.925	-0.833990108	-0.827079523	-0.840552417	-0.813173474	0.00297365985	0.124787251	100	0	0	0	3
158	48	0	3.95	-0.812944932	-0.826071054	-0.840552417	-0.812944932	0.00297365985	0.124787251	100	0	0	0	3
159	49	0	3.975	-0.82920098	-0.82655651	-0.840552417	-0.812944932	0.00296808895	0.124787251	100	0	0	0	3
160	49	0	4	-0.81225968	-0.825546805	-0.840552417	-0.81225968	0.00296808895	0.124787251	100	0	0	0	3
