Iteration	CPUTime	PhysTime	Travels	Value	AvValue	MinValue	MaxValue	Delta	Criteria	Progress	dGMaxMin	CriteriaType	CriteriaVarType	CriteriaPercentage
1	1	0	0.025	0.38191714	0.38191714	0.38191714	0.38191714	0	0	0	0	0	0	3
2	1	0	0.05	0.510597875	0.446257507	0.38191714	0.510597875	0.0643403677	0	0	0	0	0	3
3	1	0	0.075	0.155430369	0.349315128	0.155430369	0.510597875	0.0969423796	0	0	0	0	0	3
4	1	0	0.1	0.0399976618	0.271985761	0.0399976618	0.510597875	0.174271746	0	0	0	0	0	3
5	2	0	0.125	0.0769500729	0.232978624	0.0399976618	0.510597875	0.213278884	0	0	0	0	0	3
6	2	0	0.15	0.0815084008	0.207733586	0.0399976618	0.510597875	0.238523921	0	0	0	0	0	3
7	2	0	0.175	0.0985037175	0.192129319	0.0399976618	0.510597875	0.254128188	0	0	0	0	0	3
8	2	0	0.2	0.0254587605	0.1712955	0.0254587605	0.510597875	0.274962008	0	0	0	0	0	3
9	2	0	0.225	0.047191592	0.157506177	0.0254587605	0.510597875	0.288751331	0	0	0	0	0	3
10	3	0	0.25	0.0222976304	0.143985322	0.0222976304	0.510597875	0.302272185	0	0	0	0	0	3
11	3	0	0.275	0.376603391	0.165132419	0.0222976304	0.510597875	0.302272185	0	0	0	0	0	3
12	3	0	0.3	1.01465454	0.235925929	0.0222976304	1.01465454	0.302272185	0	0	0	0	0	3
13	3	0	0.325	3.11813154	0.457634053	0.0222976304	3.11813154	0.313648732	0	0	0	0	0	3
14	3	0	0.35	6.61547091	0.897479543	0.0222976304	6.61547091	0.753494221	0	0	0	0	0	3
15	4	0	0.375	11.3535363	1.59454999	0.0222976304	11.3535363	1.45056467	0	0	0	0	0	3
16	4	0	0.4	16.4181693	2.5210262	0.0222976304	16.4181693	2.37704088	0	0	0	0	0	3
17	4	0	0.425	23.5618895	3.75872404	0.0222976304	23.5618895	3.61473872	0	0	0	0	0	3
18	4	0	0.45	31.7677756	5.31478246	0.0222976304	31.7677756	5.17079714	0	0	0	0	0	3
19	5	0	0.475	39.5183238	7.11496885	0.0222976304	39.5183238	6.97098353	0	0	0	0	0	3
20	5	0	0.5	46.0800829	9.06322455	0.0222976304	46.0800829	8.91923923	0	0	0	0	0	3
21	5	0	0.525	50.1628376	11.5522706	0.0222976304	50.1628376	11.4082853	0	0	0	0	0	3
22	5	0	0.55	54.0281664	14.228149	0.0222976304	54.0281664	14.0841637	0	0	0	0	0	3
23	5	0	0.575	58.4510844	17.1429317	0.0222976304	58.4510844	16.9989464	0	0	0	0	0	3
24	6	0	0.6	61.3234408	20.2071039	0.0222976304	61.3234408	20.0631185	0	0	0	0	0	3
25	6	0	0.625	63.824743	23.3944935	0.0222976304	63.824743	23.2505082	0	0	0	0	0	3
26	6	0	0.65	65.1126901	26.6460526	0.0222976304	65.1126901	26.5020673	0	0	0	0	0	3
27	7	0	0.675	65.4129736	29.9117761	0.0222976304	65.4129736	29.7677908	0	0	0	0	0	3
28	7	0	0.7	65.9996274	33.2104845	0.0222976304	65.9996274	33.0664992	0	0	0	0	0	3
29	7	0	0.725	65.5112313	36.4836865	0.0222976304	65.9996274	36.3397012	0	0	0	0	0	3
30	7	0	0.75	66.0987732	39.7875103	0.376603391	66.0987732	39.6223779	0	0	0	0	0	3
31	7	0	0.775	65.5363861	43.0454994	1.01465454	66.0987732	42.8095735	0	0	0	0	0	3
32	8	0	0.8	65.5566154	46.2725975	3.11813154	66.0987732	45.8149634	0	0	0	0	0	3
33	8	0	0.825	65.1244506	49.3729134	6.61547091	66.0987732	48.4754339	0	0	0	0	0	3
34	8	0	0.85	64.7112719	52.2777035	11.3535363	66.0987732	50.6831535	0	0	0	0	0	3
35	9	0	0.875	64.614931	54.9407732	16.4181693	66.0987732	49.6806039	0	0	0	0	0	3
36	9	0	0.9	64.7657317	57.3581513	23.5618895	66.0987732	42.5368837	0	0	0	0	0	3
37	9	0	0.925	64.4177707	59.4009454	31.7677756	66.0987732	34.3309977	0	0	0	0	0	3
38	9	0	0.95	64.7016417	61.0476387	39.5183238	66.0987732	26.5804495	0	0	0	0	0	3
39	9	0	0.975	64.9372275	62.3185839	46.0800829	66.0987732	20.0186904	0	0	0	0	0	3
40	10	0	1	64.9315567	63.2611576	50.1628376	66.0987732	15.9359356	9.91147134	62.1	0	0	0	3
41	10	0	1.025	64.8932382	63.9976776	54.0281664	66.0987732	12.0706068	9.91147134	82.1	0	0	0	3
42	10	0	1.05	64.8575239	64.5391455	58.4510844	66.0987732	7.64768881	9.91147134	100	0	0	0	3
43	10	0	1.075	65.021682	64.8676753	61.3234408	66.0987732	4.77533245	9.91147134	100	0	0	0	3
44	11	0	1.1	65.1929936	64.8831667	61.3234408	66.0987732	4.77533245	9.91147134	100	0	0	0	3
45	11	0	1.125	65.1196412	65.0639381	63.824743	66.0987732	2.27403025	9.91147134	100	0	0	0	3
46	11	0	1.15	65.115693	65.1254119	64.4177707	66.0987732	1.68100254	9.91147134	100	0	0	0	3
47	12	0	1.175	65.1556996	65.12746	64.4177707	66.0987732	1.68100254	9.91147134	100	0	0	0	3
48	12	0	1.2	65.1594953	65.1153896	64.4177707	66.0987732	1.68100254	9.91147134	100	0	0	0	3
49	12	0	1.225	65.0250402	65.0689807	64.4177707	66.0987732	1.68100254	9.91147134	100	0	0	0	3
50	13	0	1.25	65.0196191	65.0455706	64.4177707	66.0987732	1.68100254	9.91147134	100	0	0	0	3
51	13	0	1.275	65.0390057	64.9951055	64.4177707	65.5566154	1.13884472	9.91147134	100	0	0	0	3
52	13	0	1.3	65.1538049	64.9768873	64.4177707	65.5566154	1.13884472	9.91147134	100	0	0	0	3
53	13	0	1.325	65.1818637	64.959042	64.4177707	65.1929936	0.775222918	9.91147134	100	0	0	0	3
54	14	0	1.35	65.2654708	64.9657573	64.4177707	65.2654708	0.847700099	9.91147134	100	0	0	0	3
55	14	0	1.375	65.2241528	64.9901802	64.4177707	65.2654708	0.847700099	9.91147134	100	0	0	0	3
56	14	0	1.4	65.2050902	65.018283	64.4177707	65.2654708	0.847700099	9.91147134	100	0	0	0	3
57	15	0	1.425	65.0463544	65.031646	64.4177707	65.2654708	0.847700099	9.91147134	100	0	0	0	3
58	15	0	1.45	65.0569139	65.0620814	64.7016417	65.2654708	0.563829063	9.91147134	100	0	0	0	3
59	15	0	1.475	65.1009215	65.0810947	64.8575239	65.2654708	0.407946902	9.91147134	100	0	0	0	3
60	16	0	1.5	65.0973716	65.0887206	64.8575239	65.2654708	0.407946902	9.91147134	100	0	0	0	3
61	16	0	1.525	65.1064898	65.0970507	64.8575239	65.2654708	0.407946902	9.91147134	100	0	0	0	3
62	16	0	1.55	65.1553177	65.1095307	64.8575239	65.2654708	0.407946902	9.91147134	100	0	0	0	3
63	16	0	1.575	65.1646247	65.1241546	65.0196191	65.2654708	0.245851731	9.91147134	100	0	0	0	3
64	17	0	1.6	65.1650341	65.1309808	65.0196191	65.2654708	0.245851731	9.91147134	100	0	0	0	3
65	17	0	1.625	65.0747249	65.125349	65.0196191	65.2654708	0.171938835	9.91147134	100	0	0	0	3
66	17	0	1.65	65.1014826	65.1244843	65.0196191	65.2654708	0.171938835	9.91147134	100	0	0	0	3
67	18	0	1.675	65.1356112	65.1254328	65.0196191	65.2654708	0.171938835	9.91147134	100	0	0	0	3
68	18	0	1.7	65.2038272	65.1277246	65.0196191	65.2654708	0.171938835	9.91147134	100	0	0	0	3
69	18	0	1.725	65.2107998	65.1301677	65.0196191	65.2654708	0.171938835	9.91147134	100	0	0	0	3
70	18	0	1.75	65.2355881	65.1401938	65.0196191	65.2654708	0.181151737	9.91147134	100	0	0	0	3
71	19	0	1.775	65.2722618	65.1522244	65.0390057	65.2722618	0.193182343	9.91147134	100	0	0	0	3
72	19	0	1.8	65.3079533	65.1650314	65.0463544	65.3079533	0.205989369	9.91147134	100	0	0	0	3
73	19	0	1.825	65.2677949	65.1704595	65.0463544	65.3079533	0.21141746	9.91147134	100	0	0	0	3
74	20	0	1.85	65.2541526	65.1739018	65.0463544	65.3079533	0.208144539	9.91147134	100	0	0	0	3
75	20	0	1.875	65.2663627	65.1739443	65.0463544	65.3079533	0.183764111	9.91147134	100	0	0	0	3
76	20	0	1.9	65.3140004	65.1782227	65.0463544	65.3140004	0.159939752	9.91147134	100	0	0	0	3
77	20	0	1.925	65.3249779	65.1839317	65.0463544	65.3249779	0.152285707	9.91147134	100	0	0	0	3
78	21	0	1.95	65.3387982	65.1978576	65.0569139	65.3387982	0.13577621	9.91147134	100	0	0	0	3
79	21	0	1.975	65.3605339	65.2123157	65.0747249	65.3605339	0.131220986	9.91147134	100	0	0	0	3
80	21	0	2	65.3517543	65.2242601	65.0747249	65.3605339	0.135539494	9.91147134	100	0	0	0	3
81	21	0	2.025	65.3313757	65.2354031	65.0747249	65.3605339	0.138352401	9.91147134	100	0	0	0	3
82	22	0	2.05	65.3011631	65.2446733	65.0747249	65.3605339	0.135142584	9.91147134	100	0	0	0	3
83	22	0	2.075	65.3717337	65.2549788	65.0747249	65.3717337	0.130824262	9.91147134	100	0	0	0	3
84	22	0	2.1	65.3832295	65.2653886	65.0747249	65.3832295	0.140904257	9.91147134	100	0	0	0	3
85	23	0	2.125	65.4327728	65.278138	65.0747249	65.4327728	0.153653716	9.91147134	100	0	0	0	3
86	23	0	2.15	65.4293683	65.2950258	65.1014826	65.4327728	0.170541493	9.91147134	100	0	0	0	3
87	23	0	2.175	65.4888362	65.3134712	65.1356112	65.4888362	0.188038419	9.91147134	100	0	0	0	3
88	24	0	2.2	65.4954696	65.3306073	65.2038272	65.4954696	0.202882744	9.91147134	100	0	0	0	3
89	24	0	2.225	65.5139779	65.3453764	65.2107998	65.5139779	0.215208752	9.91147134	100	0	0	0	3
90	24	0	2.25	65.4580303	65.3571493	65.2355881	65.5139779	0.216955542	9.91147134	100	0	0	0	3
91	25	0	2.275	65.5421078	65.3717455	65.2541526	65.5421078	0.219521116	9.91147134	100	0	0	0	3
92	25	0	2.3	65.5761748	65.3862175	65.2541526	65.5761748	0.221186139	9.91147134	100	0	0	0	3
93	25	0	2.325	65.5965568	65.3999605	65.2541526	65.5965568	0.229501073	9.91147134	100	0	0	0	3
94	26	0	2.35	65.602275	65.4158882	65.2541526	65.602275	0.241986372	9.91147134	100	0	0	0	3
95	26	0	2.375	65.714677	65.4378179	65.2663627	65.714677	0.263873633	9.91147134	100	0	0	0	3
96	26	0	2.4	65.7380597	65.4602797	65.3011631	65.7380597	0.282056935	9.91147134	100	0	0	0	3
97	27	0	2.425	65.7854339	65.4827289	65.3011631	65.7854339	0.298797211	9.91147134	100	0	0	0	3
98	27	0	2.45	65.7190029	65.501492	65.3011631	65.7854339	0.303634411	9.91147134	100	0	0	0	3
99	28	0	2.475	65.7766848	65.5223437	65.3011631	65.7854339	0.310028059	9.91147134	100	0	0	0	3
100	28	0	2.5	65.7547342	65.5411152	65.3011631	65.7854339	0.316855078	9.91147134	100	0	0	0	3
101	29	0	2.525	65.829732	65.563876	65.3011631	65.829732	0.32847287	9.91147134	100	0	0	0	3
102	29	0	2.55	65.8508625	65.5886135	65.3011631	65.8508625	0.343940175	9.91147134	100	0	0	0	3
103	29	0	2.575	65.867366	65.6155755	65.3717337	65.867366	0.360596689	9.91147134	100	0	0	0	3
104	30	0	2.6	65.9100473	65.6412095	65.3832295	65.9100473	0.375820917	9.91147134	100	0	0	0	3
105	30	0	2.625	65.9352583	65.6674966	65.4293683	65.9352583	0.389358544	9.91147134	100	0	0	0	3
106	30	0	2.65	65.9274376	65.691052	65.4293683	65.9352583	0.396026234	9.91147134	100	0	0	0	3
107	30	0	2.675	65.9386295	65.7153026	65.4580303	65.9386295	0.401831359	9.91147134	100	0	0	0	3
108	31	0	2.7	65.9573402	65.7376123	65.4580303	65.9573402	0.407004953	9.91147134	100	0	0	0	3
109	31	0	2.725	65.9896465	65.7611445	65.4580303	65.9896465	0.415768106	9.91147134	100	0	0	0	3
110	32	0	2.75	66.0207817	65.785278	65.4580303	66.0207817	0.428128741	9.91147134	100	0	0	0	3
111	32	0	2.775	66.0235226	65.8122062	65.5421078	66.0235226	0.440460766	9.91147134	100	0	0	0	3
112	32	0	2.8	66.0605917	65.8368959	65.5761748	66.0605917	0.450678422	9.91147134	100	0	0	0	3
113	33	0	2.825	66.0866748	65.8612055	65.5965568	66.0866748	0.461244919	9.91147134	100	0	0	0	3
114	33	0	2.85	66.1000182	65.8851798	65.602275	66.1000182	0.469291647	9.91147134	100	0	0	0	3
115	33	0	2.875	66.1427426	65.9109164	65.714677	66.1427426	0.428065565	9.91147134	100	0	0	0	3
116	34	0	2.9	66.1300643	65.9306967	65.7190029	66.1427426	0.423739715	9.91147134	100	0	0	0	3
117	34	0	2.925	66.2032695	65.9528496	65.7190029	66.2032695	0.470120681	9.91147134	100	0	0	0	3
118	35	0	2.95	66.1956985	65.972386	65.7190029	66.2032695	0.470893994	9.91147134	100	0	0	0	3
119	35	0	2.975	66.1858542	65.994617	65.7547342	66.2032695	0.448535292	9.91147134	100	0	0	0	3
120	35	0	3	66.1633485	66.0130295	65.7547342	66.2032695	0.448535292	9.91147134	100	0	0	0	3
121	36	0	3.025	66.1793992	66.0332517	65.829732	66.2032695	0.373537459	9.91147134	100	0	0	0	3
122	36	0	3.05	66.2079783	66.0512634	65.8508625	66.2079783	0.357115802	9.91147134	100	0	0	0	3
123	37	0	3.075	66.2943685	66.0723827	65.867366	66.2943685	0.427002489	9.91147134	100	0	0	0	3
124	37	0	3.1	66.3701387	66.0963243	65.9100473	66.3701387	0.455114815	9.91147134	100	0	0	0	3
125	37	0	3.125	66.4188115	66.1205512	65.9274376	66.4188115	0.453054595	9.91147134	100	0	0	0	3
126	38	0	3.15	66.4187196	66.1435731	65.9274376	66.4188115	0.452521095	9.91147134	100	0	0	0	3
127	38	0	3.175	66.3727013	66.1647762	65.9386295	66.4188115	0.449473594	9.91147134	100	0	0	0	3
128	38	0	3.2	66.3384375	66.1838146	65.9573402	66.4188115	0.446202359	9.91147134	100	0	0	0	3
129	39	0	3.225	66.3580984	66.2028984	65.9896465	66.4188115	0.429164984	9.91147134	100	0	0	0	3
130	39	0	3.25	66.4708226	66.2258115	66.0207817	66.4708226	0.44053349	9.91147134	100	0	0	0	3
131	39	0	3.275	66.5378024	66.2504316	66.0235226	66.5378024	0.43822532	9.91147134	100	0	0	0	3
132	40	0	3.3	66.6122664	66.278467	66.0605917	66.6122664	0.441571037	9.91147134	100	0	0	0	3
133	40	0	3.325	66.6012179	66.3042111	66.0866748	66.6122664	0.443005621	9.91147134	100	0	0	0	3
134	40	0	3.35	66.6237844	66.3297877	66.1000182	66.6237844	0.444607914	9.91147134	100	0	0	0	3
135	41	0	3.375	66.6085981	66.3540058	66.1300643	66.6237844	0.443089452	9.91147134	100	0	0	0	3
136	41	0	3.4	66.6024677	66.3758975	66.1300643	66.6237844	0.445200779	9.91147134	100	0	0	0	3
137	41	0	3.425	66.5201089	66.394471	66.1633485	66.6237844	0.441621484	9.91147134	100	0	0	0	3
138	42	0	3.45	66.6532572	66.415899	66.1633485	66.6532572	0.443513065	9.91147134	100	0	0	0	3
139	42	0	3.475	66.6850321	66.4392006	66.1633485	66.6850321	0.444583649	9.91147134	100	0	0	0	3
140	43	0	3.5	66.7206161	66.4646655	66.1633485	66.7206161	0.451635948	9.91147134	100	0	0	0	3
141	43	0	3.525	66.6968689	66.4900712	66.1793992	66.7206161	0.456819537	9.91147134	100	0	0	0	3
142	43	0	3.55	66.6638213	66.5131389	66.2079783	66.7206161	0.461875529	9.91147134	100	0	0	0	3
143	44	0	3.575	66.7165264	66.5373555	66.2943685	66.7206161	0.426247668	9.91147134	100	0	0	0	3
144	44	0	3.6	66.6637015	66.5549428	66.3384375	66.7206161	0.38217865	9.91147134	100	0	0	0	3
145	44	0	3.625	66.6138021	66.5665458	66.3384375	66.7206161	0.38217865	9.91147134	100	0	0	0	3
146	45	0	3.65	66.7187498	66.5808286	66.3384375	66.7206161	0.38217865	9.91147134	100	0	0	0	3
147	45	0	3.675	66.8209518	66.5999825	66.3384375	66.8209518	0.435206357	9.91147134	100	0	0	0	3
148	45	0	3.7	66.7277066	66.6168875	66.3384375	66.8209518	0.433072896	9.91147134	100	0	0	0	3
149	46	0	3.725	66.732011	66.6356291	66.3580984	66.8209518	0.432730766	9.91147134	100	0	0	0	3
150	46	0	3.75	66.6965563	66.6517462	66.4708226	66.8209518	0.35012921	9.91147134	100	0	0	0	3
151	46	0	3.775	66.7201619	66.6636195	66.5201089	66.8209518	0.300842989	9.91147134	100	0	0	0	3
152	47	0	3.8	66.7381628	66.6731604	66.5201089	66.8209518	0.300842989	9.91147134	100	0	0	0	3
153	47	0	3.825	66.8893885	66.6863567	66.5201089	66.8893885	0.369279684	9.91147134	100	0	0	0	3
154	47	0	3.85	66.8918015	66.7001941	66.5201089	66.8918015	0.370406316	9.91147134	100	0	0	0	3
155	48	0	3.875	66.9683365	66.7166013	66.5201089	66.9683365	0.362595472	9.91147134	100	0	0	0	3
156	48	0	3.9	66.9466696	66.7326999	66.5201089	66.9683365	0.356802441	9.91147134	100	0	0	0	3
157	48	0	3.925	66.9337199	66.7484739	66.5201089	66.9683365	0.354002803	9.91147134	100	0	0	0	3
158	48	0	3.95	66.8381608	66.7636192	66.6138021	66.9683365	0.347720143	9.91147134	100	0	0	0	3
159	49	0	3.975	66.996203	66.7799499	66.6138021	66.996203	0.340749296	9.91147134	100	0	0	0	3
160	49	0	4	66.9550566	66.7928082	66.6138021	66.996203	0.328142751	9.91147134	100	0	0	0	3
