Iteration	CPUTime	PhysTime	Travels	Value	AvValue	MinValue	MaxValue	Delta	Criteria	Progress	dGMaxMin	CriteriaType	CriteriaVarType	CriteriaPercentage
1	1	0	0.025	101363.478	101363.478	101363.478	101363.478	0	0	0	10172	0	0	3
2	1	0	0.05	101318.963	101341.221	101318.963	101363.478	22.2575159	0	0	10517.4	0	0	3
3	1	0	0.075	101347.094	101343.179	101318.963	101363.478	22.2575159	0	0	7508.92	0	0	3
4	1	0	0.1	101334.347	101340.971	101318.963	101363.478	22.5075621	0	0	2747.44	0	0	3
5	2	0	0.125	101324.617	101337.7	101318.963	101363.478	25.7782661	0	0	1423.44	0	0	3
6	2	0	0.15	101325.208	101335.618	101318.963	101363.478	27.8602175	0	0	1128.67	0	0	3
7	2	0	0.175	101331.128	101334.977	101318.963	101363.478	28.5016252	0	0	911.33	0	0	3
8	2	0	0.2	101325.12	101333.744	101318.963	101363.478	29.7337442	0	0	489.189	0	0	3
9	2	0	0.225	101329.468	101333.269	101318.963	101363.478	30.2088692	0	0	317.099	0	0	3
10	3	0	0.25	101325.068	101332.449	101318.963	101363.478	31.0289704	0	0	341.166	0	0	3
11	3	0	0.275	101364.256	101335.341	101318.963	101364.256	31.0289704	0	0	334.319	0	0	3
12	3	0	0.3	101405.134	101341.157	101318.963	101405.134	31.0289704	0	0	278.292	0	0	3
13	3	0	0.325	101522.564	101355.111	101318.963	101522.564	31.0289704	0	0	302.674	0	0	3
14	3	0	0.35	101636.634	101375.22	101318.963	101636.634	42.7707692	0	0	384.537	0	0	3
15	4	0	0.375	101808.287	101404.091	101318.963	101808.287	71.6418899	0	0	551.084	0	0	3
16	4	0	0.4	101941.679	101437.69	101318.963	101941.679	105.241118	0	0	678.764	0	0	3
17	4	0	0.425	102118.274	101477.725	101318.963	102118.274	145.275455	0	0	876.703	0	0	3
18	4	0	0.45	102307.538	101523.825	101318.963	102307.538	191.376168	0	0	1072.88	0	0	3
19	5	0	0.475	102486.561	101574.496	101318.963	102486.561	242.046475	0	0	1363.73	0	0	3
20	5	0	0.5	102623.323	101626.937	101318.963	102623.323	294.48786	0	0	1622.37	0	0	3
21	5	0	0.525	102696.236	101693.575	101318.963	102696.236	361.125766	0	0	1785.34	0	0	3
22	5	0	0.55	102774.587	101766.356	101324.617	102774.587	433.906966	0	0	1955.79	0	0	3
23	5	0	0.575	102849.519	101841.477	101324.617	102849.519	509.028213	0	0	2103.03	0	0	3
24	6	0	0.6	102919.827	101920.751	101324.617	102919.827	588.302202	0	0	2230.35	0	0	3
25	6	0	0.625	102979.087	102003.475	101325.068	102979.087	671.025702	0	0	2323.19	0	0	3
26	6	0	0.65	103017.679	102088.098	101325.068	103017.679	755.64924	0	0	2379.21	0	0	3
27	7	0	0.675	103052.91	102174.188	101325.068	103052.91	841.738331	0	0	2416.77	0	0	3
28	7	0	0.7	103082.35	102262.049	101325.068	103082.35	929.59986	0	0	2462.26	0	0	3
29	7	0	0.725	103107.022	102350.927	101325.068	103107.022	1018.47753	0	0	2503.06	0	0	3
30	7	0	0.75	103128.461	102441.096	101364.256	103128.461	1105.75567	0	0	2543.65	0	0	3
31	7	0	0.775	103141.065	102529.937	101405.134	103141.065	1188.78004	0	0	2554.84	0	0	3
32	8	0	0.8	103157.845	102617.572	101522.564	103157.845	1262.46117	0	0	2592.97	0	0	3
33	8	0	0.825	103170.32	102699.96	101636.634	103170.32	1324.7402	0	0	2624.27	0	0	3
34	8	0	0.85	103184.264	102777.342	101808.287	103184.264	1373.25058	0	0	2641.86	0	0	3
35	9	0	0.875	103193.304	102846.593	101941.679	103193.304	1251.62475	0	0	2663.59	0	0	3
36	9	0	0.9	103207.176	102909.867	102118.274	103207.176	1088.90149	0	0	2677.95	0	0	3
37	9	0	0.925	103212.812	102964.594	102307.538	103212.812	905.274586	0	0	2693.96	0	0	3
38	9	0	0.95	103225.519	103010.493	102486.561	103225.519	738.958069	0	0	2715.84	0	0	3
39	9	0	0.975	103238.724	103048.102	102623.323	103238.724	615.400448	0	0	2740.66	0	0	3
40	10	0	1	103253.891	103079.63	102696.236	103253.891	557.654563	289.391064	51.8	2757.29	0	0	3
41	10	0	1.025	103256.301	103107.633	102774.587	103256.301	481.713903	289.752592	60.1	2761.65	0	0	3
42	10	0	1.05	103266.591	103132.233	102849.519	103266.591	417.071462	290.524315	69.6	2774.01	0	0	3
43	10	0	1.075	103273.817	103153.448	102919.827	103273.817	353.990222	291.142865	82.2	2783.95	0	0	3
44	11	0	1.1	103284.706	103159.699	102919.827	103284.706	364.879438	291.860486	79.9	2778.75	0	0	3
45	11	0	1.125	103290.116	103177.331	102979.087	103290.116	311.029027	292.439823	94	2782.58	0	0	3
46	11	0	1.15	103301.613	103192.69	103017.679	103301.613	283.933841	293.113466	100	2784.84	0	0	3
47	12	0	1.175	103307.319	103206.482	103052.91	103307.319	254.408881	293.71691	100	2781.19	0	0	3
48	12	0	1.2	103315.519	103218.987	103082.35	103315.519	233.168847	294.323247	100	2782.12	0	0	3
49	12	0	1.225	103317.554	103230.188	103107.022	103317.554	210.532047	294.828755	100	2787.89	0	0	3
50	13	0	1.25	103324.845	103240.56	103128.461	103324.845	196.38416	295.342531	100	2790.87	0	0	3
51	13	0	1.275	103327.886	103250.056	103141.065	103327.886	186.820597	295.269987	100	2795.6	0	0	3
52	13	0	1.3	103336.537	103259.365	103157.845	103336.537	178.692074	294.80669	100	2799.65	0	0	3
53	13	0	1.325	103340.666	103268.07	103170.32	103340.666	170.345967	293.107348	100	2805.29	0	0	3
54	14	0	1.35	103350.261	103276.639	103184.264	103350.261	165.997229	290.531402	100	2809	0	0	3
55	14	0	1.375	103356.023	103284.818	103193.304	103356.023	162.719049	289.391064	100	2815.29	0	0	3
56	14	0	1.4	103364.765	103292.983	103207.176	103364.765	157.588964	289.391064	100	2817.64	0	0	3
57	15	0	1.425	103367.825	103300.633	103212.812	103367.825	155.013021	289.391064	100	2819.69	0	0	3
58	15	0	1.45	103378.311	103308.514	103225.519	103378.311	152.791774	289.391064	100	2823.95	0	0	3
59	15	0	1.475	103384.554	103316.087	103238.724	103384.554	145.830197	289.391064	100	2831.41	0	0	3
60	16	0	1.5	103394.575	103323.508	103253.891	103394.575	140.683954	289.391064	100	2836.97	0	0	3
61	16	0	1.525	103401.035	103330.515	103256.301	103401.035	144.734253	289.391064	100	2844.83	0	0	3
62	16	0	1.55	103410.795	103337.872	103266.591	103410.795	144.203833	289.391064	100	2851.89	0	0	3
63	16	0	1.575	103415.633	103344.969	103273.817	103415.633	141.816492	289.391064	100	2855.15	0	0	3
64	17	0	1.6	103423.531	103352.099	103284.706	103423.531	138.825044	289.391064	100	2867.41	0	0	3
65	17	0	1.625	103426.621	103358.856	103290.116	103426.621	136.504386	289.391064	100	2864.4	0	0	3
66	17	0	1.65	103434.695	103365.741	103301.613	103434.695	133.081783	289.391064	100	2881.02	0	0	3
67	18	0	1.675	103439.746	103372.319	103307.319	103439.746	132.426969	289.391064	100	2871.89	0	0	3
68	18	0	1.7	103449.025	103379.067	103315.519	103449.025	133.5064	289.391064	100	2896.16	0	0	3
69	18	0	1.725	103453.565	103385.64	103317.554	103453.565	136.011531	289.391064	100	2886.89	0	0	3
70	18	0	1.75	103462.284	103392.532	103324.845	103462.284	137.439392	289.391064	100	2910.21	0	0	3
71	19	0	1.775	103467.7	103399.335	103327.886	103467.7	139.814032	289.391064	100	2898.95	0	0	3
72	19	0	1.8	103478.082	103406.487	103336.537	103478.082	141.545388	289.391064	100	2925.38	0	0	3
73	19	0	1.825	103483.231	103413.473	103340.666	103483.231	142.565049	289.391064	100	2913.91	0	0	3
74	20	0	1.85	103494.76	103420.81	103350.261	103494.76	144.171331	289.391064	100	2942.83	0	0	3
75	20	0	1.875	103500.908	103427.984	103356.023	103500.908	143.166013	289.391064	100	2931.88	0	0	3
76	20	0	1.9	103512.78	103435.449	103364.765	103512.78	142.465841	289.391064	100	2960.99	0	0	3
77	20	0	1.925	103519.549	103442.819	103367.825	103519.549	142.186538	289.391064	100	2950.03	0	0	3
78	21	0	1.95	103530.281	103450.555	103378.311	103530.281	142.041651	289.391064	100	2977.32	0	0	3
79	21	0	1.975	103534.596	103457.998	103384.554	103534.596	141.910697	289.391064	100	2964.79	0	0	3
80	21	0	2	103541.385	103465.466	103394.575	103541.385	141.957373	289.391064	100	2989.15	0	0	3
81	21	0	2.025	103543.865	103472.575	103401.035	103543.865	142.059549	289.391064	100	2975.58	0	0	3
82	22	0	2.05	103552.336	103479.779	103410.795	103552.336	141.541203	289.391064	100	3001.38	0	0	3
83	22	0	2.075	103557.593	103486.77	103415.633	103557.593	141.800635	289.391064	100	2989.1	0	0	3
84	22	0	2.1	103565.421	103493.903	103423.531	103565.421	141.804143	289.391064	100	3013.94	0	0	3
85	23	0	2.125	103569.408	103500.849	103426.621	103569.408	141.99282	289.391064	100	3001	0	0	3
86	23	0	2.15	103580.608	103508.182	103434.695	103580.608	142.44089	289.391064	100	3029.17	0	0	3
87	23	0	2.175	103585.339	103515.355	103439.746	103585.339	143.036688	289.391064	100	3016.7	0	0	3
88	24	0	2.2	103595.615	103522.778	103449.025	103595.615	143.711105	289.391064	100	3044.13	0	0	3
89	24	0	2.225	103599.503	103529.943	103453.565	103599.503	144.303082	289.391064	100	3031.32	0	0	3
90	24	0	2.25	103608.807	103537.336	103462.284	103608.807	144.803589	289.391064	100	3058.43	0	0	3
91	25	0	2.275	103614.54	103544.586	103467.7	103614.54	145.251241	289.391064	100	3047.2	0	0	3
92	25	0	2.3	103625.022	103552.078	103478.082	103625.022	145.590574	289.391064	100	3075.27	0	0	3
93	25	0	2.325	103627.628	103559.199	103483.231	103627.628	144.397581	289.391064	100	3061.83	0	0	3
94	26	0	2.35	103637.306	103566.536	103494.76	103637.306	142.545288	289.391064	100	3089.38	0	0	3
95	26	0	2.375	103642.625	103573.577	103500.908	103642.625	141.717059	289.391064	100	3078.59	0	0	3
96	26	0	2.4	103653.059	103580.822	103512.78	103653.059	140.278686	289.391064	100	3106.76	0	0	3
97	27	0	2.425	103657.209	103587.7	103519.549	103657.209	137.660133	289.391064	100	3094.81	0	0	3
98	27	0	2.45	103667.115	103594.727	103530.281	103667.115	136.833779	289.391064	100	3122.43	0	0	3
99	28	0	2.475	103670.673	103601.412	103534.596	103670.673	136.077431	289.391064	100	3108.88	0	0	3
100	28	0	2.5	103680.221	103608.347	103541.385	103680.221	138.835689	289.391064	100	3134.76	0	0	3
101	29	0	2.525	103685.148	103615.193	103543.865	103685.148	141.283082	289.391064	100	3122.99	0	0	3
102	29	0	2.55	103693.237	103622.305	103552.336	103693.237	140.901031	289.391064	100	3148.84	0	0	3
103	29	0	2.575	103697.121	103629.2	103557.593	103697.121	139.528394	289.391064	100	3134.19	0	0	3
104	30	0	2.6	103706.441	103636.288	103565.421	103706.441	141.019594	289.391064	100	3159.19	0	0	3
105	30	0	2.625	103709.771	103643.162	103569.408	103709.771	140.363582	289.391064	100	3154.29	0	0	3
106	30	0	2.65	103719.796	103650.323	103580.608	103719.796	139.187721	289.391064	100	3182.29	0	0	3
107	30	0	2.675	103725.593	103657.227	103585.339	103725.593	140.253492	289.391064	100	3170.48	0	0	3
108	31	0	2.7	103734.986	103664.353	103595.615	103734.986	139.371011	289.391064	100	3195.28	0	0	3
109	31	0	2.725	103738.395	103671.152	103599.503	103738.395	138.891659	289.391064	100	3190.34	0	0	3
110	32	0	2.75	103748.601	103678.252	103608.807	103748.601	139.794446	289.391064	100	3218.36	0	0	3
111	32	0	2.775	103753.504	103685.143	103614.54	103753.504	138.964368	289.391064	100	3204.91	0	0	3
112	32	0	2.8	103763.89	103692.254	103625.022	103763.89	138.867202	289.391064	100	3230.77	0	0	3
113	33	0	2.825	103768.175	103699.071	103627.628	103768.175	139.872252	289.391064	100	3225.78	0	0	3
114	33	0	2.85	103778.792	103706.269	103637.306	103778.792	139.733597	289.391064	100	3253.72	0	0	3
115	33	0	2.875	103783.653	103713.238	103642.625	103783.653	139.661357	289.391064	100	3239.03	0	0	3
116	34	0	2.9	103791.827	103720.343	103653.059	103791.827	138.768042	289.391064	100	3262.81	0	0	3
117	34	0	2.925	103795.834	103727.142	103657.209	103795.834	138.62462	289.391064	100	3256.83	0	0	3
118	35	0	2.95	103805.968	103734.226	103667.115	103805.968	138.852961	289.391064	100	3284.73	0	0	3
119	35	0	2.975	103810.496	103741.053	103670.673	103810.496	139.641296	289.391064	100	3269.18	0	0	3
120	35	0	3	103819.737	103748.152	103680.221	103819.737	139.516234	289.391064	100	3292.67	0	0	3
121	36	0	3.025	103824.392	103755.017	103685.148	103824.392	139.243851	289.391064	100	3286.3	0	0	3
122	36	0	3.05	103834.288	103762.119	103693.237	103834.288	139.81342	289.391064	100	3313.59	0	0	3
123	37	0	3.075	103840.308	103769.122	103697.121	103840.308	139.922271	289.391064	100	3305.65	0	0	3
124	37	0	3.1	103850.842	103776.442	103706.441	103850.842	140.154309	289.391064	100	3332.52	0	0	3
125	37	0	3.125	103856.813	103783.603	103709.771	103856.813	140.441092	289.391064	100	3323.41	0	0	3
126	38	0	3.15	103866.441	103791.063	103719.796	103866.441	140.740208	289.391064	100	3346.33	0	0	3
127	38	0	3.175	103870.728	103798.251	103725.593	103870.728	141.023427	289.391064	100	3336.83	0	0	3
128	38	0	3.2	103876.497	103805.437	103734.986	103876.497	141.083289	289.391064	100	3358.18	0	0	3
129	39	0	3.225	103877.413	103812.219	103738.395	103877.413	139.017632	289.391064	100	3351.25	0	0	3
130	39	0	3.25	103885.516	103819.225	103748.601	103885.516	136.915317	289.391064	100	3375.41	0	0	3
131	39	0	3.275	103891.953	103826.051	103753.504	103891.953	138.448625	289.391064	100	3371.51	0	0	3
132	40	0	3.3	103903.467	103833.192	103763.89	103903.467	139.57729	289.391064	100	3398.71	0	0	3
133	40	0	3.325	103909.179	103840.11	103768.175	103909.179	141.004174	289.391064	100	3393.07	0	0	3
134	40	0	3.35	103920.116	103847.346	103778.792	103920.116	141.076273	289.391064	100	3417.62	0	0	3
135	41	0	3.375	103924.928	103854.305	103783.653	103924.928	141.066232	289.391064	100	3409.59	0	0	3
136	41	0	3.4	103933.507	103861.441	103791.827	103933.507	141.097305	289.391064	100	3432.6	0	0	3
137	41	0	3.425	103934.888	103868.253	103795.834	103934.888	139.054535	289.391064	100	3423.41	0	0	3
138	42	0	3.45	103941.626	103875.195	103805.968	103941.626	135.657399	289.391064	100	3445.85	0	0	3
139	42	0	3.475	103946.034	103881.865	103810.496	103946.034	135.537995	289.391064	100	3436.38	0	0	3
140	43	0	3.5	103954.971	103888.745	103819.737	103954.971	135.233407	289.391064	100	3459.6	0	0	3
141	43	0	3.525	103958.152	103895.336	103824.392	103958.152	133.76012	289.391064	100	3448.68	0	0	3
142	43	0	3.55	103967.215	103902.137	103834.288	103967.215	132.92784	289.391064	100	3471.59	0	0	3
143	44	0	3.575	103970.1	103908.605	103840.308	103970.1	129.791466	289.391064	100	3459.23	0	0	3
144	44	0	3.6	103979.031	103915.21	103850.842	103979.031	128.189372	289.391064	100	3482.39	0	0	3
145	44	0	3.625	103982.366	103921.473	103856.813	103982.366	125.55297	289.391064	100	3472.97	0	0	3
146	45	0	3.65	103992.163	103927.919	103866.441	103992.163	125.721576	289.391064	100	3497.43	0	0	3
147	45	0	3.675	103996.073	103934.092	103870.728	103996.073	125.345072	289.391064	100	3488.43	0	0	3
148	45	0	3.7	104004.545	103940.464	103876.497	104004.545	128.048045	289.391064	100	3511.76	0	0	3
149	46	0	3.725	104008.846	103946.766	103877.413	104008.846	131.43358	289.391064	100	3504.85	0	0	3
150	46	0	3.75	104018.955	103953.506	103885.516	104018.955	133.438922	289.391064	100	3528.95	0	0	3
151	46	0	3.775	104025.456	103960.17	103891.953	104025.456	133.50256	289.391064	100	3522.22	0	0	3
152	47	0	3.8	104036.606	103967.058	103903.467	104036.606	133.139199	289.391064	100	3546.55	0	0	3
153	47	0	3.825	104043.417	103973.723	103909.179	104043.417	133.612215	289.391064	100	3539.23	0	0	3
154	47	0	3.85	104053.564	103980.598	103920.116	104053.564	133.252407	289.391064	100	3562.73	0	0	3
155	48	0	3.875	104057.664	103987.148	103924.928	104057.664	132.73589	289.391064	100	3553.79	0	0	3
156	48	0	3.9	104063.223	103993.734	103933.507	104063.223	129.715832	289.391064	100	3572.99	0	0	3
157	48	0	3.925	104064.879	103999.989	103934.888	104064.879	129.990496	289.391064	100	3565.43	0	0	3
158	48	0	3.95	104071.539	104006.496	103941.626	104071.539	129.913075	289.391064	100	3581.29	0	0	3
159	49	0	3.975	104073.784	104012.79	103946.034	104073.784	127.749581	289.391064	100	3585.36	0	0	3
160	49	0	4	104080.069	104019.172	103954.971	104080.069	125.098304	289.391064	100	3596.12	0	0	3
