Iteration	CPUTime	PhysTime	Travels	Value	AvValue	MinValue	MaxValue	Delta	Criteria	Progress	dGMaxMin	CriteriaType	CriteriaVarType	CriteriaPercentage
1	1	0	0.025	0	0	0	0	0	0	0	0	0	0	3
2	1	0	0.05	0.0122139104	0.00610695522	0	0.0122139104	0.00610695522	0	0	0	0	0	3
3	1	0	0.075	0.000486783622	0.00423356469	0	0.0122139104	0.00610695522	0	0	0	0	0	3
4	1	0	0.1	0.000862309573	0.00339075091	0	0.0122139104	0.00610695522	0	0	0	0	0	3
5	2	0	0.125	0.000673767207	0.00284735417	0	0.0122139104	0.00610695522	0	0	0	0	0	3
6	2	0	0.15	0.000412375103	0.00244152432	0	0.0122139104	0.00610695522	0	0	0	0	0	3
7	2	0	0.175	8.1778026e-05	0.00210441771	0	0.0122139104	0.00610695522	0	0	0	0	0	3
8	2	0	0.2	0.00119182292	0.00199034336	0	0.0122139104	0.00610695522	0	0	0	0	0	3
9	2	0	0.225	0.000539725093	0.00182916355	0	0.0122139104	0.00610695522	0	0	0	0	0	3
10	3	0	0.25	0.00208286575	0.00185453377	0	0.0122139104	0.00610695522	0	0	0	0	0	3
11	3	0	0.275	0.00340770268	0.00199573095	0	0.0122139104	0.00610695522	0	0	0	0	0	3
12	3	0	0.3	0.00881527704	0.00256402645	0	0.0122139104	0.00610695522	0	0	0	0	0	3
13	3	0	0.325	0.0210318168	0.00398462571	0	0.0210318168	0.00610695522	0	0	0	0	0	3
14	3	0	0.35	0.0314904067	0.00594932436	0	0.0314904067	0.00610695522	0	0	0	0	0	3
15	4	0	0.375	0.0437766475	0.0084711459	0	0.0437766475	0.0084711459	0	0	0	0	0	3
16	4	0	0.4	0.0603244095	0.0117119749	0	0.0603244095	0.0117119749	0	0	0	0	0	3
17	4	0	0.425	0.0797276119	0.0157128947	0	0.0797276119	0.0157128947	0	0	0	0	0	3
18	4	0	0.45	0.105818194	0.0207187447	0	0.105818194	0.0207187447	0	0	0	0	0	3
19	5	0	0.475	0.127791981	0.0263541781	0	0.127791981	0.0263541781	0	0	0	0	0	3
20	5	0	0.5	0.150192261	0.0325460823	0	0.150192261	0.0325460823	0	0	0	0	0	3
21	5	0	0.525	0.202531159	0.0426726402	8.1778026e-05	0.202531159	0.0408434767	0	0	0	0	0	3
22	5	0	0.55	0.243311261	0.0542275077	8.1778026e-05	0.243311261	0.0523983442	0	0	0	0	0	3
23	5	0	0.575	0.400180625	0.0742121998	8.1778026e-05	0.400180625	0.0723830362	0	0	0	0	0	3
24	6	0	0.6	0.391731239	0.0937556463	8.1778026e-05	0.400180625	0.0919264827	0	0	0	0	0	3
25	6	0	0.625	0.382546273	0.112849272	8.1778026e-05	0.400180625	0.111020108	0	0	0	0	0	3
26	6	0	0.65	0.3913575	0.132396528	8.1778026e-05	0.400180625	0.130567364	0	0	0	0	0	3
27	7	0	0.675	0.251098016	0.14494734	0.000539725093	0.400180625	0.143118176	0	0	0	0	0	3
28	7	0	0.7	0.253760296	0.157575763	0.000539725093	0.400180625	0.1557466	0	0	0	0	0	3
29	7	0	0.725	0.306807979	0.172889176	0.00208286575	0.400180625	0.171034642	0	0	0	0	0	3
30	7	0	0.75	0.232153648	0.184392715	0.00340770268	0.400180625	0.182396984	0	0	0	0	0	3
31	7	0	0.775	0.241426338	0.196293647	0.00881527704	0.400180625	0.19372962	0	0	0	0	0	3
32	8	0	0.8	0.283251148	0.21001544	0.0210318168	0.400180625	0.206030815	0	0	0	0	0	3
33	8	0	0.825	0.272663446	0.222597022	0.0314904067	0.400180625	0.216647698	0	0	0	0	0	3
34	8	0	0.85	0.320402119	0.237042608	0.0437766475	0.400180625	0.228571462	0	0	0	0	0	3
35	9	0	0.875	0.273042482	0.248505899	0.0603244095	0.400180625	0.236793924	0	0	0	0	0	3
36	9	0	0.9	0.268975033	0.25893843	0.0797276119	0.400180625	0.243225536	0	0	0	0	0	3
37	9	0	0.925	0.273004808	0.26860229	0.105818194	0.400180625	0.247883546	0	0	0	0	0	3
38	9	0	0.95	0.248132061	0.275717984	0.127791981	0.400180625	0.249363805	0	0	0	0	0	3
39	9	0	0.975	0.274316952	0.283044232	0.150192261	0.400180625	0.249988364	0	0	0	0	0	3
40	10	0	1	0.254652626	0.28826725	0.202531159	0.400180625	0.197649466	0.060014827	30.3	0	0	0	3
41	10	0	1.025	0.282550352	0.29226821	0.232153648	0.400180625	0.168026977	0.060014827	35.7	0	0	0	3
42	10	0	1.05	0.26961821	0.293583558	0.232153648	0.400180625	0.168026977	0.060014827	35.7	0	0	0	3
43	10	0	1.075	0.269399489	0.287044501	0.232153648	0.391731239	0.159577591	0.060014827	37.6	0	0	0	3
44	11	0	1.1	0.261242479	0.285815833	0.232153648	0.391731239	0.159577591	0.060014827	37.6	0	0	0	3
45	11	0	1.125	0.278537977	0.280425678	0.232153648	0.3913575	0.159203853	0.060014827	37.6	0	0	0	3
46	11	0	1.15	0.272156019	0.275168999	0.232153648	0.3913575	0.159203853	0.060014827	37.6	0	0	0	3
47	12	0	1.175	0.27340624	0.269552272	0.232153648	0.320402119	0.0882484715	0.060014827	68	0	0	0	3
48	12	0	1.2	0.267745294	0.270345	0.232153648	0.320402119	0.0882484715	0.060014827	68	0	0	0	3
49	12	0	1.225	0.280765754	0.271630974	0.232153648	0.320402119	0.0882484715	0.060014827	68	0	0	0	3
50	13	0	1.25	0.27173153	0.269960667	0.232153648	0.320402119	0.0882484715	0.060014827	68	0	0	0	3
51	13	0	1.275	0.28173865	0.272321857	0.241426338	0.320402119	0.0789757815	0.060014827	75.9	0	0	0	3
52	13	0	1.3	0.271250834	0.273742072	0.248132061	0.320402119	0.0722700578	0.060014827	83	0	0	0	3
53	13	0	1.325	0.286247125	0.273884737	0.248132061	0.320402119	0.0709865356	0.060014827	84.5	0	0	0	3
54	14	0	1.35	0.27062099	0.273787477	0.248132061	0.320402119	0.05654095	0.060014827	100	0	0	0	3
55	14	0	1.375	0.288392588	0.272263214	0.248132061	0.288392588	0.0402605266	0.060014827	100	0	0	0	3
56	14	0	1.4	0.274564237	0.272335678	0.248132061	0.288392588	0.0346451271	0.060014827	100	0	0	0	3
57	15	0	1.425	0.28721626	0.273204308	0.248132061	0.288392588	0.0249812673	0.060014827	100	0	0	0	3
58	15	0	1.45	0.269410833	0.273033167	0.248132061	0.288392588	0.0240312853	0.060014827	100	0	0	0	3
59	15	0	1.475	0.288993506	0.27497895	0.254652626	0.288993506	0.0240312853	0.060014827	100	0	0	0	3
60	16	0	1.5	0.275398075	0.275030432	0.254652626	0.288993506	0.0240312853	0.060014827	100	0	0	0	3
61	16	0	1.525	0.291321047	0.276776547	0.261242479	0.291321047	0.0240312853	0.060014827	100	0	0	0	3
62	16	0	1.55	0.27370815	0.27635549	0.261242479	0.291321047	0.0240312853	0.060014827	100	0	0	0	3
63	16	0	1.575	0.293070951	0.277472287	0.261242479	0.293070951	0.0174922285	0.060014827	100	0	0	0	3
64	17	0	1.6	0.274986079	0.277738315	0.261242479	0.293070951	0.0162635607	0.060014827	100	0	0	0	3
65	17	0	1.625	0.293352238	0.279267351	0.267745294	0.293352238	0.0108734054	0.060014827	100	0	0	0	3
66	17	0	1.65	0.269627017	0.27884302	0.267745294	0.293352238	0.00971507904	0.060014827	100	0	0	0	3
67	18	0	1.675	0.296104637	0.27998343	0.267745294	0.296104637	0.010431158	0.060014827	100	0	0	0	3
68	18	0	1.7	0.269721961	0.279807988	0.267745294	0.296104637	0.0100227633	0.060014827	100	0	0	0	3
69	18	0	1.725	0.296382777	0.281171678	0.269410833	0.296382777	0.0112110112	0.060014827	100	0	0	0	3
70	18	0	1.75	0.269398774	0.280630393	0.269398774	0.296382777	0.0112110112	0.060014827	100	0	0	0	3
71	19	0	1.775	0.296611093	0.281815134	0.269398774	0.296611093	0.00955192051	0.060014827	100	0	0	0	3
72	19	0	1.8	0.269841434	0.2812486	0.269398774	0.296611093	0.00955192051	0.060014827	100	0	0	0	3
73	19	0	1.825	0.29962807	0.282599897	0.269398774	0.29962807	0.0103366834	0.060014827	100	0	0	0	3
74	20	0	1.85	0.270239782	0.281837643	0.269398774	0.29962807	0.0103366834	0.060014827	100	0	0	0	3
75	20	0	1.875	0.299138109	0.283195601	0.269398774	0.29962807	0.010932387	0.060014827	100	0	0	0	3
76	20	0	1.9	0.274899172	0.282553057	0.269398774	0.29962807	0.0108599225	0.060014827	100	0	0	0	3
77	20	0	1.925	0.302559077	0.283886145	0.269398774	0.302559077	0.0108529783	0.060014827	100	0	0	0	3
78	21	0	1.95	0.273395922	0.283228034	0.269398774	0.302559077	0.0108529783	0.060014827	100	0	0	0	3
79	21	0	1.975	0.304384067	0.284893426	0.269398774	0.304384067	0.00991447596	0.060014827	100	0	0	0	3
80	21	0	2	0.268021927	0.283894779	0.268021927	0.304384067	0.00986299389	0.060014827	100	0	0	0	3
81	21	0	2.025	0.305387479	0.285322846	0.268021927	0.305387479	0.00896735608	0.060014827	100	0	0	0	3
82	22	0	2.05	0.270006133	0.28430785	0.268021927	0.305387479	0.00896735608	0.060014827	100	0	0	0	3
83	22	0	2.075	0.307155985	0.285900604	0.268021927	0.307155985	0.008428317	0.060014827	100	0	0	0	3
84	22	0	2.1	0.27383628	0.284984667	0.268021927	0.307155985	0.00816228888	0.060014827	100	0	0	0	3
85	23	0	2.125	0.306407739	0.286480937	0.268021927	0.307155985	0.00763791694	0.060014827	100	0	0	0	3
86	23	0	2.15	0.270617054	0.285398309	0.268021927	0.307155985	0.00763791694	0.060014827	100	0	0	0	3
87	23	0	2.175	0.305776713	0.287119723	0.268021927	0.307155985	0.00731173465	0.060014827	100	0	0	0	3
88	24	0	2.2	0.296463656	0.287136819	0.268021927	0.307155985	0.00732883076	0.060014827	100	0	0	0	3
89	24	0	2.225	0.3084025	0.28897875	0.268021927	0.3084025	0.00834835629	0.060014827	100	0	0	0	3
90	24	0	2.25	0.273055595	0.287867931	0.268021927	0.3084025	0.00834835629	0.060014827	100	0	0	0	3
91	25	0	2.275	0.3080233	0.289707195	0.268021927	0.3084025	0.00845859424	0.060014827	100	0	0	0	3
92	25	0	2.3	0.264464203	0.28817639	0.264464203	0.3084025	0.00845859424	0.060014827	100	0	0	0	3
93	25	0	2.325	0.310246308	0.290100432	0.264464203	0.310246308	0.00826278902	0.060014827	100	0	0	0	3
94	26	0	2.35	0.266927399	0.288543257	0.264464203	0.310246308	0.00826278902	0.060014827	100	0	0	0	3
95	26	0	2.375	0.31142794	0.290504598	0.264464203	0.31142794	0.00795154062	0.060014827	100	0	0	0	3
96	26	0	2.4	0.270671985	0.289149068	0.264464203	0.31142794	0.00795154062	0.060014827	100	0	0	0	3
97	27	0	2.425	0.311305218	0.290882689	0.264464203	0.31142794	0.00765465585	0.060014827	100	0	0	0	3
98	27	0	2.45	0.271732869	0.289414775	0.264464203	0.31142794	0.00765465585	0.060014827	100	0	0	0	3
99	28	0	2.475	0.251730686	0.288383097	0.251730686	0.31142794	0.00698791042	0.060014827	100	0	0	0	3
100	28	0	2.5	0.302082677	0.288273507	0.251730686	0.31142794	0.00698791042	0.060014827	100	0	0	0	3
101	29	0	2.525	0.250597697	0.287443782	0.250597697	0.31142794	0.00657483947	0.060014827	100	0	0	0	3
102	29	0	2.55	0.307159505	0.287528164	0.250597697	0.31142794	0.00657483947	0.060014827	100	0	0	0	3
103	29	0	2.575	0.275171891	0.287774152	0.250597697	0.31142794	0.00589802218	0.060014827	100	0	0	0	3
104	30	0	2.6	0.434440712	0.29383533	0.250597697	0.434440712	0.00885066243	0.060014827	100	0	0	0	3
105	30	0	2.625	0.24934123	0.292668899	0.24934123	0.434440712	0.00843702076	0.060014827	100	0	0	0	3
106	30	0	2.65	0.270195028	0.290944484	0.24934123	0.434440712	0.00843702076	0.060014827	100	0	0	0	3
107	30	0	2.675	0.250112033	0.289968054	0.24934123	0.434440712	0.00671560667	0.060014827	100	0	0	0	3
108	31	0	2.7	0.532123097	0.300746454	0.24934123	0.532123097	0.0136096345	0.060014827	100	0	0	0	3
109	31	0	2.725	0.251006805	0.298581842	0.24934123	0.532123097	0.0133026721	0.060014827	100	0	0	0	3
110	32	0	2.75	0.360455835	0.301060572	0.24934123	0.532123097	0.0136167904	0.060014827	100	0	0	0	3
111	32	0	2.775	0.250120662	0.299968432	0.24934123	0.532123097	0.0136167904	0.060014827	100	0	0	0	3
112	32	0	2.8	0.706604798	0.318948504	0.24934123	0.706604798	0.031504722	0.060014827	100	0	0	0	3
113	33	0	2.825	0.249962088	0.318257927	0.24934123	0.706604798	0.031504722	0.060014827	100	0	0	0	3
114	33	0	2.85	0.322496432	0.318841266	0.24934123	0.706604798	0.031504722	0.060014827	100	0	0	0	3
115	33	0	2.875	0.269667884	0.318971765	0.24934123	0.706604798	0.0315279837	0.060014827	100	0	0	0	3
116	34	0	2.9	0.695149033	0.337244198	0.24934123	0.706604798	0.0498004166	0.060014827	100	0	0	0	3
117	34	0	2.925	0.250324643	0.336275277	0.24934123	0.706604798	0.0498004166	0.060014827	100	0	0	0	3
118	35	0	2.95	0.312277623	0.336321582	0.24934123	0.706604798	0.0498004166	0.060014827	100	0	0	0	3
119	35	0	2.975	0.251407703	0.335353717	0.24934123	0.706604798	0.0498004166	0.060014827	100	0	0	0	3
120	35	0	3	0.765653117	0.359826214	0.24934123	0.765653117	0.0723824323	0.060014827	82.9	0	0	0	3
121	36	0	3.025	0.269720152	0.358285141	0.24934123	0.765653117	0.0723824323	0.060014827	82.9	0	0	0	3
122	36	0	3.05	0.44119787	0.36736134	0.24934123	0.765653117	0.0798331762	0.060014827	75.1	0	0	0	3
123	37	0	3.075	0.249949613	0.364637059	0.24934123	0.765653117	0.0795871877	0.060014827	75.4	0	0	0	3
124	37	0	3.1	0.379804817	0.36961958	0.24934123	0.765653117	0.0796515253	0.060014827	75.3	0	0	0	3
125	37	0	3.125	0.248885292	0.360783607	0.248885292	0.765653117	0.0796515253	0.060014827	75.3	0	0	0	3
126	38	0	3.15	0.868689977	0.390276405	0.248885292	0.868689977	0.10030835	0.060014827	59.8	0	0	0	3
127	38	0	3.175	0.255853942	0.389593496	0.248885292	0.868689977	0.10030835	0.060014827	59.8	0	0	0	3
128	38	0	3.2	0.736758865	0.412767155	0.248885292	0.868689977	0.114185313	0.060014827	52.5	0	0	0	3
129	39	0	3.225	0.251665038	0.399412009	0.248885292	0.868689977	0.114185313	0.060014827	52.5	0	0	0	3
130	39	0	3.25	0.490453183	0.410814217	0.248885292	0.868689977	0.112798722	0.060014827	53.2	0	0	0	3
131	39	0	3.275	0.249547842	0.405532884	0.248885292	0.868689977	0.112798722	0.060014827	53.2	0	0	0	3
132	40	0	3.3	0.435352588	0.414353452	0.248885292	0.868689977	0.0960955256	0.060014827	62.4	0	0	0	3
133	40	0	3.325	0.247625555	0.392497298	0.247625555	0.868689977	0.0960955256	0.060014827	62.4	0	0	0	3
134	40	0	3.35	0.934650594	0.425101512	0.247625555	0.934650594	0.106260247	0.060014827	56.4	0	0	0	3
135	41	0	3.375	0.5673728	0.436762292	0.247625555	0.934650594	0.117790527	0.060014827	50.9	0	0	0	3
136	41	0	3.4	0.858634905	0.464808341	0.247625555	0.934650594	0.129454623	0.060014827	46.3	0	0	0	3
137	41	0	3.425	0.250861195	0.443651777	0.247625555	0.934650594	0.129454623	0.060014827	46.3	0	0	0	3
138	42	0	3.45	0.620823666	0.461294587	0.247625555	0.934650594	0.129454623	0.060014827	46.3	0	0	0	3
139	42	0	3.475	0.250031664	0.458330494	0.247625555	0.934650594	0.129454623	0.060014827	46.3	0	0	0	3
140	43	0	3.5	0.709533346	0.480146001	0.247625555	0.934650594	0.12186086	0.060014827	49.2	0	0	0	3
141	43	0	3.525	0.2957867	0.45777141	0.247625555	0.934650594	0.12186086	0.060014827	49.2	0	0	0	3
142	43	0	3.55	0.887444638	0.487186861	0.247625555	0.934650594	0.126403254	0.060014827	47.4	0	0	0	3
143	44	0	3.575	0.440646421	0.487160602	0.247625555	0.934650594	0.126403254	0.060014827	47.4	0	0	0	3
144	44	0	3.6	0.999665315	0.52286135	0.247625555	0.999665315	0.162077742	0.060014827	37	0	0	0	3
145	44	0	3.625	0.597400502	0.533223049	0.247625555	0.999665315	0.172439442	0.060014827	34.8	0	0	0	3
146	45	0	3.65	0.878260319	0.563193288	0.247625555	0.999665315	0.173599792	0.060014827	34.5	0	0	0	3
147	45	0	3.675	0.24855652	0.533663124	0.247625555	0.999665315	0.173599792	0.060014827	34.5	0	0	0	3
148	45	0	3.7	0.799614298	0.559556474	0.247625555	0.999665315	0.17069599	0.060014827	35.1	0	0	0	3
149	46	0	3.725	0.482596665	0.547453512	0.247625555	0.999665315	0.17069599	0.060014827	35.1	0	0	0	3
150	46	0	3.75	0.968965737	0.581610688	0.247625555	0.999665315	0.18911339	0.060014827	31.7	0	0	0	3
151	46	0	3.775	0.561574978	0.58499744	0.247625555	0.999665315	0.192500142	0.060014827	31.1	0	0	0	3
152	47	0	3.8	1.00791105	0.621109974	0.247625555	1.00791105	0.228612676	0.060014827	26.2	0	0	0	3
153	47	0	3.825	0.587022107	0.628332332	0.247625555	1.00791105	0.235835034	0.060014827	25.4	0	0	0	3
154	47	0	3.85	0.913350249	0.660033508	0.24855652	1.00791105	0.234931996	0.060014827	25.5	0	0	0	3
155	48	0	3.875	0.246947852	0.627285759	0.246947852	1.00791105	0.223271216	0.060014827	26.8	0	0	0	3
156	48	0	3.9	0.801262664	0.638423371	0.246947852	1.00791105	0.216381731	0.060014827	27.7	0	0	0	3
157	48	0	3.925	0.257984112	0.609820952	0.246947852	1.00791105	0.216381731	0.060014827	27.7	0	0	0	3
158	48	0	3.95	0.880018136	0.639780807	0.246947852	1.00791105	0.202262098	0.060014827	29.6	0	0	0	3
159	49	0	3.975	0.330111049	0.625937349	0.246947852	1.00791105	0.202262098	0.060014827	29.6	0	0	0	3
160	49	0	4	0.838422134	0.653955943	0.246947852	1.00791105	0.202262098	0.060014827	29.6	0	0	0	3
