Iteration	CPUTime	PhysTime	Travels	Value	AvValue	MinValue	MaxValue	Delta	Criteria	Progress	dGMaxMin	CriteriaType	CriteriaVarType	CriteriaPercentage
1	1	0	0.025	0.38191714	0.38191714	0.38191714	0.38191714	0	0	0	0	0	0	3
2	1	0	0.05	0.510549749	0.446233444	0.38191714	0.510549749	0.0643163048	0	0	0	0	0	3
3	1	0	0.075	0.155430081	0.34929899	0.155430081	0.510549749	0.0969344544	0	0	0	0	0	3
4	1	0	0.1	0.0399947561	0.271972932	0.0399947561	0.510549749	0.174260513	0	0	0	0	0	3
5	2	0	0.125	0.076951834	0.232968712	0.0399947561	0.510549749	0.213264732	0	0	0	0	0	3
6	2	0	0.15	0.0815086177	0.207725363	0.0399947561	0.510549749	0.238508081	0	0	0	0	0	3
7	2	0	0.175	0.0985012773	0.192121922	0.0399947561	0.510549749	0.254111522	0	0	0	0	0	3
8	2	0	0.2	0.0254678926	0.171290168	0.0254678926	0.510549749	0.274943276	0	0	0	0	0	3
9	2	0	0.225	0.0471611439	0.157498055	0.0254678926	0.510549749	0.28873539	0	0	0	0	0	3
10	3	0	0.25	0.0222630158	0.143974551	0.0222630158	0.510549749	0.302258894	0	0	0	0	0	3
11	3	0	0.275	0.376479783	0.16511139	0.0222630158	0.510549749	0.302258894	0	0	0	0	0	3
12	3	0	0.3	1.01381258	0.23583649	0.0222630158	1.01381258	0.302258894	0	0	0	0	0	3
13	3	0	0.325	3.11638619	0.457417236	0.0222630158	3.11638619	0.313442685	0	0	0	0	0	3
14	3	0	0.35	6.61242454	0.897060615	0.0222630158	6.61242454	0.753086064	0	0	0	0	0	3
15	4	0	0.375	11.348854	1.59384684	0.0222630158	11.348854	1.44987229	0	0	0	0	0	3
16	4	0	0.4	16.4108474	2.51990937	0.0222630158	16.4108474	2.37593482	0	0	0	0	0	3
17	4	0	0.425	23.5491555	3.75692385	0.0222630158	23.5491555	3.6129493	0	0	0	0	0	3
18	4	0	0.45	31.7468176	5.31191795	0.0222630158	31.7468176	5.1679434	0	0	0	0	0	3
19	5	0	0.475	39.4892129	7.11072295	0.0222630158	39.4892129	6.9667484	0	0	0	0	0	3
20	5	0	0.5	46.0405378	9.05721369	0.0222630158	46.0405378	8.91323914	0	0	0	0	0	3
21	5	0	0.525	50.0925933	11.5427475	0.0222630158	50.0925933	11.398773	0	0	0	0	0	3
22	5	0	0.55	53.9299486	14.2137174	0.0222630158	53.9299486	14.0697429	0	0	0	0	0	3
23	5	0	0.575	58.3308568	17.1224888	0.0222630158	58.3308568	16.9785142	0	0	0	0	0	3
24	6	0	0.6	61.1984437	20.1804112	0.0222630158	61.1984437	20.0364367	0	0	0	0	0	3
25	6	0	0.625	63.6847294	23.3608001	0.0222630158	63.6847294	23.2168255	0	0	0	0	0	3
26	6	0	0.65	64.9626231	26.6048558	0.0222630158	64.9626231	26.4608813	0	0	0	0	0	3
27	7	0	0.675	65.253505	29.862606	0.0222630158	65.253505	29.7186315	0	0	0	0	0	3
28	7	0	0.7	65.836837	33.1531745	0.0222630158	65.836837	33.0091999	0	0	0	0	0	3
29	7	0	0.725	65.3457755	36.4181052	0.0222630158	65.836837	36.2741306	0	0	0	0	0	3
30	7	0	0.75	65.9308611	39.7135351	0.376479783	65.9308611	39.5484237	0	0	0	0	0	3
31	7	0	0.775	65.3671077	42.9630665	1.01381258	65.9308611	42.72723	0	0	0	0	0	3
32	8	0	0.8	65.3878872	46.1817702	3.11638619	65.9308611	45.724353	0	0	0	0	0	3
33	8	0	0.825	64.9536135	49.2736316	6.61242454	65.9308611	48.376571	0	0	0	0	0	3
34	8	0	0.85	64.5401771	52.1700192	11.348854	65.9308611	50.5761724	0	0	0	0	0	3
35	9	0	0.875	64.4440431	54.8247787	16.4108474	65.9308611	49.5200137	0	0	0	0	0	3
36	9	0	0.9	64.5947762	57.2339751	23.5491555	65.9308611	42.3817056	0	0	0	0	0	3
37	9	0	0.925	64.2456289	59.2687988	31.7468176	65.9308611	34.1840435	0	0	0	0	0	3
38	9	0	0.95	64.5305449	60.9079851	39.4892129	65.9308611	26.4416481	0	0	0	0	0	3
39	9	0	0.975	64.7648481	62.1717669	46.0405378	65.9308611	19.8903233	0	0	0	0	0	3
40	10	0	1	64.7591077	63.1076954	50.0925933	65.9308611	15.8382678	9.88628971	62.4	0	0	0	3
41	10	0	1.025	64.7192056	63.839026	53.9299486	65.9308611	12.0009125	9.88628971	82.3	0	0	0	3
42	10	0	1.05	64.6843814	64.3767477	58.3308568	65.9308611	7.60000433	9.88628971	100	0	0	0	3
43	10	0	1.075	64.8483349	64.7026216	61.1984437	65.9308611	4.73241737	9.88628971	100	0	0	0	3
44	11	0	1.1	65.0196692	64.7177191	61.1984437	65.9308611	4.73241737	9.88628971	100	0	0	0	3
45	11	0	1.125	64.9457495	64.8961622	63.6847294	65.9308611	2.24613171	9.88628971	100	0	0	0	3
46	11	0	1.15	64.9432495	64.9560917	64.2456289	65.9308611	1.68523219	9.88628971	100	0	0	0	3
47	12	0	1.175	64.983179	64.9570706	64.2456289	65.9308611	1.68523219	9.88628971	100	0	0	0	3
48	12	0	1.2	64.9870252	64.9443811	64.2456289	65.9308611	1.68523219	9.88628971	100	0	0	0	3
49	12	0	1.225	64.8516466	64.8974672	64.2456289	65.9308611	1.68523219	9.88628971	100	0	0	0	3
50	13	0	1.25	64.8479059	64.8737592	64.2456289	65.9308611	1.68523219	9.88628971	100	0	0	0	3
51	13	0	1.275	64.8658339	64.8230436	64.2456289	65.3878872	1.14225835	9.88628971	100	0	0	0	3
52	13	0	1.3	64.9814432	64.8046786	64.2456289	65.3878872	1.14225835	9.88628971	100	0	0	0	3
53	13	0	1.325	65.0088978	64.7866315	64.2456289	65.0196692	0.774040284	9.88628971	100	0	0	0	3
54	14	0	1.35	65.0937514	64.7933047	64.2456289	65.0937514	0.848122472	9.88628971	100	0	0	0	3
55	14	0	1.375	65.0515661	64.8176566	64.2456289	65.0937514	0.848122472	9.88628971	100	0	0	0	3
56	14	0	1.4	65.0327983	64.8456925	64.2456289	65.0937514	0.848122472	9.88628971	100	0	0	0	3
57	15	0	1.425	64.8735526	64.8589676	64.2456289	65.0937514	0.848122472	9.88628971	100	0	0	0	3
58	15	0	1.45	64.8851316	64.8894201	64.5305449	65.0937514	0.563206435	9.88628971	100	0	0	0	3
59	15	0	1.475	64.9278923	64.9083414	64.6843814	65.0937514	0.409369978	9.88628971	100	0	0	0	3
60	16	0	1.5	64.9239448	64.9159175	64.6843814	65.0937514	0.409369978	9.88628971	100	0	0	0	3
61	16	0	1.525	64.9339067	64.9242412	64.6843814	65.0937514	0.409369978	9.88628971	100	0	0	0	3
62	16	0	1.55	64.983413	64.9368225	64.6843814	65.0937514	0.409369978	9.88628971	100	0	0	0	3
63	16	0	1.575	64.9913176	64.9514385	64.8479059	65.0937514	0.24584544	9.88628971	100	0	0	0	3
64	17	0	1.6	64.9913288	64.9582478	64.8479059	65.0937514	0.240528692	9.88628971	100	0	0	0	3
65	17	0	1.625	64.9014179	64.9526167	64.8479059	65.0937514	0.171616267	9.88628971	100	0	0	0	3
66	17	0	1.65	64.9281221	64.9517773	64.8479059	65.0937514	0.171616267	9.88628971	100	0	0	0	3
67	18	0	1.675	64.9624538	64.9526918	64.8479059	65.0937514	0.171616267	9.88628971	100	0	0	0	3
68	18	0	1.7	65.0298353	64.9549136	64.8479059	65.0937514	0.171616267	9.88628971	100	0	0	0	3
69	18	0	1.725	65.0376234	64.957323	64.8479059	65.0937514	0.171616267	9.88628971	100	0	0	0	3
70	18	0	1.75	65.0629901	64.967387	64.8479059	65.0937514	0.180755487	9.88628971	100	0	0	0	3
71	19	0	1.775	65.099036	64.9793456	64.8658339	65.099036	0.192714064	9.88628971	100	0	0	0	3
72	19	0	1.8	65.1349272	64.9921595	64.8735526	65.1349272	0.205528032	9.88628971	100	0	0	0	3
73	19	0	1.825	65.0946401	64.9975499	64.8735526	65.1349272	0.21091836	9.88628971	100	0	0	0	3
74	20	0	1.85	65.0810129	65.0009839	64.8735526	65.1349272	0.20767918	9.88628971	100	0	0	0	3
75	20	0	1.875	65.0932525	65.0009602	64.8735526	65.1349272	0.183327326	9.88628971	100	0	0	0	3
76	20	0	1.9	65.1414474	65.0052402	64.8735526	65.1414474	0.159547678	9.88628971	100	0	0	0	3
77	20	0	1.925	65.1523106	65.0109313	64.8735526	65.1523106	0.151963672	9.88628971	100	0	0	0	3
78	21	0	1.95	65.1668682	65.0248987	64.8851316	65.1668682	0.135478568	9.88628971	100	0	0	0	3
79	21	0	1.975	65.1880083	65.0393214	64.9014179	65.1880083	0.130979962	9.88628971	100	0	0	0	3
80	21	0	2	65.1803819	65.0513447	64.9014179	65.1880083	0.135427245	9.88628971	100	0	0	0	3
81	21	0	2.025	65.1582843	65.0625037	64.9014179	65.1880083	0.138262508	9.88628971	100	0	0	0	3
82	22	0	2.05	65.1306312	65.0718716	64.9014179	65.1880083	0.135049033	9.88628971	100	0	0	0	3
83	22	0	2.075	65.1989958	65.0821374	64.9014179	65.1989958	0.130698866	9.88628971	100	0	0	0	3
84	22	0	2.1	65.2106074	65.0925798	64.9014179	65.2106074	0.140802421	9.88628971	100	0	0	0	3
85	23	0	2.125	65.2598225	65.1053652	64.9014179	65.2598225	0.153587836	9.88628971	100	0	0	0	3
86	23	0	2.15	65.2590753	65.1223965	64.9281221	65.2598225	0.170619138	9.88628971	100	0	0	0	3
87	23	0	2.175	65.3160558	65.1408695	64.9624538	65.3160558	0.188177681	9.88628971	100	0	0	0	3
88	24	0	2.2	65.3227848	65.1580281	65.0298353	65.3227848	0.203114572	9.88628971	100	0	0	0	3
89	24	0	2.225	65.3429344	65.1729376	65.0376234	65.3429344	0.215614616	9.88628971	100	0	0	0	3
90	24	0	2.25	65.2861959	65.1847744	65.0629901	65.3429344	0.217387423	9.88628971	100	0	0	0	3
91	25	0	2.275	65.3710845	65.1994456	65.0810129	65.3710845	0.220100008	9.88628971	100	0	0	0	3
92	25	0	2.3	65.4048321	65.2140073	65.0810129	65.4048321	0.221847758	9.88628971	100	0	0	0	3
93	25	0	2.325	65.4250412	65.2278222	65.0810129	65.4250412	0.230272382	9.88628971	100	0	0	0	3
94	26	0	2.35	65.4304728	65.2438143	65.0810129	65.4304728	0.242854113	9.88628971	100	0	0	0	3
95	26	0	2.375	65.5428572	65.2658069	65.0932525	65.5428572	0.264846702	9.88628971	100	0	0	0	3
96	26	0	2.4	65.5659739	65.2883174	65.1306312	65.5659739	0.283077177	9.88628971	100	0	0	0	3
97	27	0	2.425	65.6137123	65.3108062	65.1306312	65.6137123	0.299874917	9.88628971	100	0	0	0	3
98	27	0	2.45	65.5460687	65.3295566	65.1306312	65.6137123	0.304657898	9.88628971	100	0	0	0	3
99	28	0	2.475	65.6052387	65.3504314	65.1306312	65.6137123	0.311109991	9.88628971	100	0	0	0	3
100	28	0	2.5	65.582851	65.3692334	65.1306312	65.6137123	0.317888713	9.88628971	100	0	0	0	3
101	29	0	2.525	65.6578733	65.3919711	65.1306312	65.6578733	0.329467379	9.88628971	100	0	0	0	3
102	29	0	2.55	65.6787193	65.4167537	65.1306312	65.6787193	0.344882168	9.88628971	100	0	0	0	3
103	29	0	2.575	65.6943124	65.4435957	65.1989958	65.6943124	0.361458289	9.88628971	100	0	0	0	3
104	30	0	2.6	65.7377562	65.4692509	65.2106074	65.7377562	0.376671177	9.88628971	100	0	0	0	3
105	30	0	2.625	65.7615169	65.4954847	65.2590753	65.7615169	0.390119546	9.88628971	100	0	0	0	3
106	30	0	2.65	65.755406	65.5190839	65.2590753	65.7615169	0.396687454	9.88628971	100	0	0	0	3
107	30	0	2.675	65.7670534	65.5432734	65.2861959	65.7670534	0.40240385	9.88628971	100	0	0	0	3
108	31	0	2.7	65.7870032	65.5656994	65.2861959	65.7870032	0.407671299	9.88628971	100	0	0	0	3
109	31	0	2.725	65.8175764	65.5892609	65.2861959	65.8175764	0.416323322	9.88628971	100	0	0	0	3
110	32	0	2.75	65.8474274	65.6132844	65.2861959	65.8474274	0.428510016	9.88628971	100	0	0	0	3
111	32	0	2.775	65.851442	65.6402009	65.3710845	65.851442	0.440755333	9.88628971	100	0	0	0	3
112	32	0	2.8	65.8875458	65.6647943	65.4048321	65.8875458	0.450787009	9.88628971	100	0	0	0	3
113	33	0	2.825	65.9145392	65.6890661	65.4250412	65.9145392	0.461243822	9.88628971	100	0	0	0	3
114	33	0	2.85	65.927346	65.7129853	65.4304728	65.927346	0.469171072	9.88628971	100	0	0	0	3
115	33	0	2.875	65.9712759	65.7387379	65.5428572	65.9712759	0.428418623	9.88628971	100	0	0	0	3
116	34	0	2.9	65.9593992	65.7585732	65.5460687	65.9712759	0.425207109	9.88628971	100	0	0	0	3
117	34	0	2.925	66.0302937	65.7806837	65.5460687	66.0302937	0.469877471	9.88628971	100	0	0	0	3
118	35	0	2.95	66.025289	65.8002826	65.5460687	66.0302937	0.470725973	9.88628971	100	0	0	0	3
119	35	0	2.975	66.0133986	65.8225364	65.582851	66.0302937	0.447442681	9.88628971	100	0	0	0	3
120	35	0	3	65.9912432	65.8409175	65.582851	66.0302937	0.447442681	9.88628971	100	0	0	0	3
121	36	0	3.025	66.0074607	65.861137	65.6578733	66.0302937	0.372420397	9.88628971	100	0	0	0	3
122	36	0	3.05	66.0355242	65.8791204	65.6787193	66.0355242	0.356804953	9.88628971	100	0	0	0	3
123	37	0	3.075	66.1211524	65.9001887	65.6943124	66.1211524	0.426839966	9.88628971	100	0	0	0	3
124	37	0	3.1	66.1989397	65.9242185	65.7377562	66.1989397	0.454967583	9.88628971	100	0	0	0	3
125	37	0	3.125	66.2467348	65.9484556	65.755406	66.2467348	0.452970877	9.88628971	100	0	0	0	3
126	38	0	3.15	66.2493899	65.9716877	65.755406	66.2493899	0.452603714	9.88628971	100	0	0	0	3
127	38	0	3.175	66.200296	65.9928729	65.7670534	66.2493899	0.449599522	9.88628971	100	0	0	0	3
128	38	0	3.2	66.1683198	66.0119808	65.7870032	66.2493899	0.44628138	9.88628971	100	0	0	0	3
129	39	0	3.225	66.1853479	66.0309496	65.8175764	66.2493899	0.431813486	9.88628971	100	0	0	0	3
130	39	0	3.25	66.3005099	66.0539464	65.8474274	66.3005099	0.440662025	9.88628971	100	0	0	0	3
131	39	0	3.275	66.3650817	66.0785966	65.851442	66.3650817	0.43839575	9.88628971	100	0	0	0	3
132	40	0	3.3	66.4391773	66.106584	65.8875458	66.4391773	0.441789753	9.88628971	100	0	0	0	3
133	40	0	3.325	66.427453	66.1322939	65.9145392	66.4391773	0.443227856	9.88628971	100	0	0	0	3
134	40	0	3.35	66.4518499	66.1578801	65.927346	66.4518499	0.444894802	9.88628971	100	0	0	0	3
135	41	0	3.375	66.4365241	66.1821267	65.9593992	66.4518499	0.443388847	9.88628971	100	0	0	0	3
136	41	0	3.4	66.4291058	66.2039281	65.9593992	66.4518499	0.445354941	9.88628971	100	0	0	0	3
137	41	0	3.425	66.3469233	66.2223817	65.9912432	66.4518499	0.441697998	9.88628971	100	0	0	0	3
138	42	0	3.45	66.4822779	66.2439047	65.9912432	66.4822779	0.443622163	9.88628971	100	0	0	0	3
139	42	0	3.475	66.5119804	66.2670805	65.9912432	66.5119804	0.444544141	9.88628971	100	0	0	0	3
140	43	0	3.5	66.5477104	66.2925239	65.9912432	66.5477104	0.451606392	9.88628971	100	0	0	0	3
141	43	0	3.525	66.5245588	66.3179199	66.0074607	66.5477104	0.456782865	9.88628971	100	0	0	0	3
142	43	0	3.55	66.4939578	66.3410864	66.0355242	66.5477104	0.461966016	9.88628971	100	0	0	0	3
143	44	0	3.575	66.543458	66.3652738	66.1211524	66.5477104	0.42655799	9.88628971	100	0	0	0	3
144	44	0	3.6	66.4935967	66.3830092	66.1683198	66.5477104	0.379390624	9.88628971	100	0	0	0	3
145	44	0	3.625	66.441326	66.3945514	66.1683198	66.5477104	0.379390624	9.88628971	100	0	0	0	3
146	45	0	3.65	66.5482642	66.4089099	66.1683198	66.5482642	0.379944468	9.88628971	100	0	0	0	3
147	45	0	3.675	66.646433	66.4278168	66.1683198	66.646433	0.43494386	9.88628971	100	0	0	0	3
148	45	0	3.7	66.554536	66.4446853	66.1683198	66.646433	0.432704506	9.88628971	100	0	0	0	3
149	46	0	3.725	66.5598925	66.4633316	66.1853479	66.646433	0.432382035	9.88628971	100	0	0	0	3
150	46	0	3.75	66.5240909	66.4794623	66.3005099	66.646433	0.345923061	9.88628971	100	0	0	0	3
151	46	0	3.775	66.5457677	66.4911412	66.3469233	66.646433	0.299509694	9.88628971	100	0	0	0	3
152	47	0	3.8	66.5647491	66.5006492	66.3469233	66.646433	0.299509694	9.88628971	100	0	0	0	3
153	47	0	3.825	66.7164543	66.5138528	66.3469233	66.7164543	0.36953101	9.88628971	100	0	0	0	3
154	47	0	3.85	66.7211792	66.5278398	66.3469233	66.7211792	0.369959662	9.88628971	100	0	0	0	3
155	48	0	3.875	66.7945589	66.5441593	66.3469233	66.7945589	0.362032564	9.88628971	100	0	0	0	3
156	48	0	3.9	66.7756506	66.5603082	66.3469233	66.7945589	0.356380021	9.88628971	100	0	0	0	3
157	48	0	3.925	66.7602089	66.576075	66.3469233	66.7945589	0.353693309	9.88628971	100	0	0	0	3
158	48	0	3.95	66.6681488	66.5913714	66.441326	66.7945589	0.347466705	9.88628971	100	0	0	0	3
159	49	0	3.975	66.8236718	66.6076283	66.441326	66.8236718	0.340547775	9.88628971	100	0	0	0	3
160	49	0	4	66.7852596	66.6206416	66.441326	66.8236718	0.328117654	9.88628971	100	0	0	0	3
