Iteration	CPUTime	PhysTime	Travels	Value	AvValue	MinValue	MaxValue	Delta	Criteria	Progress	dGMaxMin	CriteriaType	CriteriaVarType	CriteriaPercentage
1	1	0	0.025	-0.377124526	-0.377124526	-0.377124526	-0.377124526	0	0	0	0	0	0	3
2	1	0	0.05	0.502202172	0.0625388229	-0.377124526	0.502202172	0.439663349	0	0	0	0	0	3
3	1	0	0.075	0.148650377	0.0912426743	-0.377124526	0.502202172	0.4683672	0	0	0	0	0	3
4	1	0	0.1	-0.0392098748	0.058629537	-0.377124526	0.502202172	0.4683672	0	0	0	0	0	3
5	2	0	0.125	-0.0698450772	0.0329346142	-0.377124526	0.502202172	0.4683672	0	0	0	0	0	3
6	2	0	0.15	-0.0767873953	0.0146476126	-0.377124526	0.502202172	0.4683672	0	0	0	0	0	3
7	2	0	0.175	-0.0940267007	-0.000877289302	-0.377124526	0.502202172	0.4683672	0	0	0	0	0	3
8	2	0	0.2	-0.019775359	-0.00323954802	-0.377124526	0.502202172	0.4683672	0	0	0	0	0	3
9	2	0	0.225	-0.0461757953	-0.00801024216	-0.377124526	0.502202172	0.4683672	0	0	0	0	0	3
10	3	0	0.25	-0.0139817339	-0.00860739134	-0.377124526	0.502202172	0.4683672	0	0	0	0	0	3
11	3	0	0.275	-0.369230098	-0.0413912738	-0.377124526	0.502202172	0.4683672	0	0	0	0	0	3
12	3	0	0.3	-1.00141606	-0.121393339	-1.00141606	0.502202172	0.4683672	0	0	0	0	0	3
13	3	0	0.325	-3.08181361	-0.349117976	-3.08181361	0.502202172	0.4683672	0	0	0	0	0	3
14	3	0	0.35	-6.55320412	-0.792266986	-6.55320412	0.502202172	0.88350966	0	0	0	0	0	3
15	4	0	0.375	-11.2466278	-1.48922437	-11.2466278	0.502202172	1.58046705	0	0	0	0	0	3
16	4	0	0.4	-16.2614061	-2.41248573	-16.2614061	0.502202172	2.5037284	0	0	0	0	0	3
17	4	0	0.425	-23.3085836	-3.64166796	-23.3085836	0.502202172	3.73291063	0	0	0	0	0	3
18	4	0	0.45	-31.3935925	-5.18344154	-31.3935925	0.502202172	5.27468422	0	0	0	0	0	3
19	5	0	0.475	-39.0044577	-6.96349503	-39.0044577	0.502202172	7.0547377	0	0	0	0	0	3
20	5	0	0.5	-45.4878122	-8.88971088	-45.4878122	0.502202172	8.98095356	0	0	0	0	0	3
21	5	0	0.525	-49.469499	-11.3443296	-49.469499	0.502202172	11.4355723	0	0	0	0	0	3
22	5	0	0.55	-53.2365885	-14.0312691	-53.2365885	0.148650377	14.1225118	0	0	0	0	0	3
23	5	0	0.575	-57.5867267	-16.918038	-57.5867267	-0.0139817339	16.9766675	0	0	0	0	0	3
24	6	0	0.6	-60.4399797	-19.9380765	-60.4399797	-0.0139817339	19.9710111	0	0	0	0	0	3
25	6	0	0.625	-62.950815	-23.082125	-62.950815	-0.0139817339	23.0967726	0	0	0	0	0	3
26	6	0	0.65	-64.2789054	-26.2922309	-64.2789054	-0.0139817339	26.2913536	0	0	0	0	0	3
27	7	0	0.675	-64.5848832	-29.5167737	-64.5848832	-0.0139817339	29.5135342	0	0	0	0	0	3
28	7	0	0.7	-65.1819639	-32.7748831	-65.1819639	-0.0139817339	32.7668729	0	0	0	0	0	3
29	7	0	0.725	-64.6807794	-36.0066133	-65.1819639	-0.0139817339	35.9980059	0	0	0	0	0	3
30	7	0	0.75	-65.273058	-39.2695671	-65.273058	-0.369230098	39.2281759	0	0	0	0	0	3
31	7	0	0.775	-64.718501	-42.4870307	-65.273058	-1.00141606	42.3656373	0	0	0	0	0	3
32	8	0	0.8	-64.7384495	-45.6738823	-65.273058	-3.08181361	45.3247644	0	0	0	0	0	3
33	8	0	0.825	-64.3081086	-48.7351971	-65.273058	-6.55320412	47.9429301	0	0	0	0	0	3
34	8	0	0.85	-63.8973425	-51.602404	-65.273058	-11.2466278	50.1131796	0	0	0	0	0	3
35	9	0	0.875	-63.8104279	-54.230594	-65.273058	-16.2614061	49.011652	0	0	0	0	0	3
36	9	0	0.9	-63.9679211	-56.6159198	-65.273058	-23.3085836	41.9644744	0	0	0	0	0	3
37	9	0	0.925	-63.6137386	-58.6311775	-65.273058	-31.3935925	33.8794655	0	0	0	0	0	3
38	9	0	0.95	-63.9059002	-60.2567929	-65.273058	-39.0044577	26.2686003	0	0	0	0	0	3
39	9	0	0.975	-64.1519031	-61.5141652	-65.273058	-45.4878122	19.7852459	0	0	0	0	0	3
40	10	0	1	-64.1332964	-62.4464394	-65.273058	-49.469499	15.803559	9.81325626	62	0	0	0	3
41	10	0	1.025	-64.1035045	-63.1781397	-65.273058	-53.2365885	12.0364696	9.81325626	81.5	0	0	0	3
42	10	0	1.05	-64.0673077	-63.7196756	-65.273058	-57.5867267	7.68633132	9.81325626	100	0	0	0	3
43	10	0	1.075	-64.2384879	-64.0522637	-65.273058	-60.4399797	4.83307833	9.81325626	100	0	0	0	3
44	11	0	1.1	-64.4046865	-64.0690457	-65.273058	-60.4399797	4.83307833	9.81325626	100	0	0	0	3
45	11	0	1.125	-64.3349183	-64.254519	-65.273058	-62.950815	2.32224301	9.81325626	100	0	0	0	3
46	11	0	1.15	-64.3300535	-64.320197	-65.273058	-63.6137386	1.65931945	9.81325626	100	0	0	0	3
47	12	0	1.175	-64.3738344	-64.3247174	-65.273058	-63.6137386	1.65931945	9.81325626	100	0	0	0	3
48	12	0	1.2	-64.3771772	-64.3148267	-65.273058	-63.6137386	1.65931945	9.81325626	100	0	0	0	3
49	12	0	1.225	-64.2522581	-64.270555	-65.273058	-63.6137386	1.65931945	9.81325626	100	0	0	0	3
50	13	0	1.25	-64.2416963	-64.2496463	-65.273058	-63.6137386	1.65931945	9.81325626	100	0	0	0	3
51	13	0	1.275	-64.2667322	-64.201726	-64.7384495	-63.6137386	1.12471087	9.81325626	100	0	0	0	3
52	13	0	1.3	-64.3795054	-64.1855833	-64.7384495	-63.6137386	1.12471087	9.81325626	100	0	0	0	3
53	13	0	1.325	-64.408772	-64.1698844	-64.408772	-63.6137386	0.795033425	9.81325626	100	0	0	0	3
54	14	0	1.35	-64.4901661	-64.1785538	-64.4901661	-63.6137386	0.876427472	9.81325626	100	0	0	0	3
55	14	0	1.375	-64.4560035	-64.2051567	-64.4901661	-63.6137386	0.876427472	9.81325626	100	0	0	0	3
56	14	0	1.4	-64.4329623	-64.2348012	-64.4901661	-63.6137386	0.876427472	9.81325626	100	0	0	0	3
57	15	0	1.425	-64.280093	-64.2496665	-64.4901661	-63.6137386	0.876427472	9.81325626	100	0	0	0	3
58	15	0	1.45	-64.2876387	-64.281757	-64.4901661	-63.9059002	0.58426591	9.81325626	100	0	0	0	3
59	15	0	1.475	-64.3403495	-64.3024451	-64.4901661	-64.0673077	0.422858352	9.81325626	100	0	0	0	3
60	16	0	1.5	-64.3317424	-64.3110089	-64.4901661	-64.0673077	0.422858352	9.81325626	100	0	0	0	3
61	16	0	1.525	-64.3517158	-64.3214098	-64.4901661	-64.0673077	0.422858352	9.81325626	100	0	0	0	3
62	16	0	1.55	-64.3992886	-64.3354947	-64.4901661	-64.0673077	0.422858352	9.81325626	100	0	0	0	3
63	16	0	1.575	-64.4124631	-64.3519307	-64.4901661	-64.2384879	0.251678184	9.81325626	100	0	0	0	3
64	17	0	1.6	-64.4094898	-64.3600737	-64.4901661	-64.2416963	0.248469792	9.81325626	100	0	0	0	3
65	17	0	1.625	-64.3284263	-64.3564422	-64.4901661	-64.2416963	0.19018925	9.81325626	100	0	0	0	3
66	17	0	1.65	-64.3485666	-64.3570921	-64.4901661	-64.2416963	0.19018925	9.81325626	100	0	0	0	3
67	18	0	1.675	-64.3934759	-64.3601123	-64.4901661	-64.2416963	0.190227846	9.81325626	100	0	0	0	3
68	18	0	1.7	-64.453696	-64.3639152	-64.4901661	-64.2416963	0.194030782	9.81325626	100	0	0	0	3
69	18	0	1.725	-64.4688011	-64.3682782	-64.4901661	-64.2416963	0.198393827	9.81325626	100	0	0	0	3
70	18	0	1.75	-64.4926247	-64.3797243	-64.4926247	-64.2416963	0.209839856	9.81325626	100	0	0	0	3
71	19	0	1.775	-64.5362763	-64.3937519	-64.5362763	-64.2667322	0.223867477	9.81325626	100	0	0	0	3
72	19	0	1.8	-64.5679964	-64.4080978	-64.5679964	-64.280093	0.238213391	9.81325626	100	0	0	0	3
73	19	0	1.825	-64.5367946	-64.4155878	-64.5679964	-64.280093	0.245703352	9.81325626	100	0	0	0	3
74	20	0	1.85	-64.5193896	-64.4208553	-64.5679964	-64.280093	0.242301453	9.81325626	100	0	0	0	3
75	20	0	1.875	-64.5389047	-64.4231762	-64.5679964	-64.280093	0.21801944	9.81325626	100	0	0	0	3
76	20	0	1.9	-64.5852506	-64.4293308	-64.5852506	-64.280093	0.194529568	9.81325626	100	0	0	0	3
77	20	0	1.925	-64.6053616	-64.4375403	-64.6053616	-64.280093	0.187873734	9.81325626	100	0	0	0	3
78	21	0	1.95	-64.6172903	-64.4535973	-64.6172903	-64.2876387	0.171840267	9.81325626	100	0	0	0	3
79	21	0	1.975	-64.6426096	-64.4705007	-64.6426096	-64.3284263	0.168055578	9.81325626	100	0	0	0	3
80	21	0	2	-64.6326044	-64.4844176	-64.6426096	-64.3284263	0.173408704	9.81325626	100	0	0	0	3
81	21	0	2.025	-64.6182873	-64.4980625	-64.6426096	-64.3284263	0.176652773	9.81325626	100	0	0	0	3
82	22	0	2.05	-64.5890432	-64.5093639	-64.6426096	-64.3284263	0.173869122	9.81325626	100	0	0	0	3
83	22	0	2.075	-64.6596527	-64.5217621	-64.6596527	-64.3284263	0.169831438	9.81325626	100	0	0	0	3
84	22	0	2.1	-64.6687917	-64.5339683	-64.6687917	-64.3284263	0.177526051	9.81325626	100	0	0	0	3
85	23	0	2.125	-64.7260587	-64.549043	-64.7260587	-64.3284263	0.19260076	9.81325626	100	0	0	0	3
86	23	0	2.15	-64.7218186	-64.5677759	-64.7260587	-64.3485666	0.210683811	9.81325626	100	0	0	0	3
87	23	0	2.175	-64.7849574	-64.5885565	-64.7849574	-64.3934759	0.22844421	9.81325626	100	0	0	0	3
88	24	0	2.2	-64.7895086	-64.6074152	-64.7895086	-64.453696	0.24349997	9.81325626	100	0	0	0	3
89	24	0	2.225	-64.8195251	-64.6248356	-64.8195251	-64.4688011	0.256557359	9.81325626	100	0	0	0	3
90	24	0	2.25	-64.7599913	-64.6387018	-64.8195251	-64.4926247	0.258977527	9.81325626	100	0	0	0	3
91	25	0	2.275	-64.8531932	-64.6558717	-64.8531932	-64.5193896	0.262119837	9.81325626	100	0	0	0	3
92	25	0	2.3	-64.8822419	-64.6723463	-64.8822419	-64.5193896	0.264248476	9.81325626	100	0	0	0	3
93	25	0	2.325	-64.9098429	-64.6886247	-64.9098429	-64.5193896	0.273036922	9.81325626	100	0	0	0	3
94	26	0	2.35	-64.9139031	-64.7065822	-64.9139031	-64.5193896	0.285726962	9.81325626	100	0	0	0	3
95	26	0	2.375	-65.0347942	-64.7311253	-65.0347942	-64.5389047	0.307949147	9.81325626	100	0	0	0	3
96	26	0	2.4	-65.0522088	-64.7555683	-65.0522088	-64.5852506	0.326237577	9.81325626	100	0	0	0	3
97	27	0	2.425	-65.1069151	-64.7804095	-65.1069151	-64.5890432	0.342869251	9.81325626	100	0	0	0	3
98	27	0	2.45	-65.0358984	-64.8009113	-65.1069151	-64.5890432	0.347313988	9.81325626	100	0	0	0	3
99	28	0	2.475	-65.0993879	-64.8238683	-65.1069151	-64.5890432	0.35336764	9.81325626	100	0	0	0	3
100	28	0	2.5	-65.0779282	-64.8445978	-65.1069151	-64.5890432	0.3601802	9.81325626	100	0	0	0	3
101	29	0	2.525	-65.1598057	-64.8697026	-65.1598057	-64.5890432	0.371640029	9.81325626	100	0	0	0	3
102	29	0	2.55	-65.1781752	-64.8963639	-65.1781752	-64.5890432	0.387000056	9.81325626	100	0	0	0	3
103	29	0	2.575	-65.1996614	-64.925441	-65.1996614	-64.6596527	0.403678826	9.81325626	100	0	0	0	3
104	30	0	2.6	-65.2410423	-64.9531262	-65.2410423	-64.6687917	0.419157921	9.81325626	100	0	0	0	3
105	30	0	2.625	-65.2685631	-64.9816867	-65.2685631	-64.7218186	0.432643751	9.81325626	100	0	0	0	3
106	30	0	2.65	-65.2624135	-65.0072274	-65.2685631	-64.7218186	0.439451484	9.81325626	100	0	0	0	3
107	30	0	2.675	-65.2762212	-65.0336276	-65.2762212	-64.7599913	0.445071091	9.81325626	100	0	0	0	3
108	31	0	2.7	-65.2945842	-65.0578955	-65.2945842	-64.7599913	0.450480335	9.81325626	100	0	0	0	3
109	31	0	2.725	-65.3313526	-65.0836976	-65.3313526	-64.7599913	0.458862	9.81325626	100	0	0	0	3
110	32	0	2.75	-65.3652603	-65.109685	-65.3652603	-64.7599913	0.47098319	9.81325626	100	0	0	0	3
111	32	0	2.775	-65.3693944	-65.1387042	-65.3693944	-64.8531932	0.482832455	9.81325626	100	0	0	0	3
112	32	0	2.8	-65.405083	-65.1649846	-65.405083	-64.8822419	0.492638368	9.81325626	100	0	0	0	3
113	33	0	2.825	-65.4378298	-65.1914412	-65.4378298	-64.9098429	0.502816527	9.81325626	100	0	0	0	3
114	33	0	2.85	-65.4538883	-65.2173481	-65.4538883	-64.9139031	0.510765904	9.81325626	100	0	0	0	3
115	33	0	2.875	-65.4979024	-65.2451576	-65.4979024	-65.0347942	0.463108183	9.81325626	100	0	0	0	3
116	34	0	2.9	-65.4858768	-65.2666377	-65.4979024	-65.0358984	0.462003958	9.81325626	100	0	0	0	3
117	34	0	2.925	-65.5606225	-65.2908479	-65.5606225	-65.0358984	0.5104384	9.81325626	100	0	0	0	3
118	35	0	2.95	-65.5600346	-65.312425	-65.5606225	-65.0358984	0.511513767	9.81325626	100	0	0	0	3
119	35	0	2.975	-65.5452405	-65.3366794	-65.5606225	-65.0779282	0.482694226	9.81325626	100	0	0	0	3
120	35	0	3	-65.527313	-65.3570568	-65.5606225	-65.0779282	0.482694226	9.81325626	100	0	0	0	3
121	36	0	3.025	-65.5440124	-65.3792513	-65.5606225	-65.1598057	0.400816791	9.81325626	100	0	0	0	3
122	36	0	3.05	-65.5813422	-65.3993245	-65.5813422	-65.1781752	0.403166998	9.81325626	100	0	0	0	3
123	37	0	3.075	-65.6634695	-65.4224337	-65.6634695	-65.1996614	0.463808074	9.81325626	100	0	0	0	3
124	37	0	3.1	-65.7472377	-65.4485088	-65.7472377	-65.2410423	0.495382582	9.81325626	100	0	0	0	3
125	37	0	3.125	-65.7948667	-65.4748814	-65.7948667	-65.2624135	0.493194635	9.81325626	100	0	0	0	3
126	38	0	3.15	-65.8021303	-65.5002893	-65.8021303	-65.2624135	0.493061897	9.81325626	100	0	0	0	3
127	38	0	3.175	-65.7502091	-65.5235177	-65.8021303	-65.2762212	0.489890141	9.81325626	100	0	0	0	3
128	38	0	3.2	-65.7244176	-65.5448604	-65.8021303	-65.2945842	0.48696489	9.81325626	100	0	0	0	3
129	39	0	3.225	-65.7412283	-65.5661291	-65.8021303	-65.3313526	0.470777685	9.81325626	100	0	0	0	3
130	39	0	3.25	-65.8545914	-65.5910453	-65.8545914	-65.3652603	0.4813603	9.81325626	100	0	0	0	3
131	39	0	3.275	-65.9204789	-65.6174843	-65.9204789	-65.3693944	0.478780088	9.81325626	100	0	0	0	3
132	40	0	3.3	-65.9997136	-65.6474995	-65.9997136	-65.405083	0.482514825	9.81325626	100	0	0	0	3
133	40	0	3.325	-65.9830515	-65.6750218	-65.9997136	-65.4378298	0.483580566	9.81325626	100	0	0	0	3
134	40	0	3.35	-66.0146405	-65.7024889	-66.0146405	-65.4538883	0.485140819	9.81325626	100	0	0	0	3
135	41	0	3.375	-65.9971301	-65.7283576	-66.0146405	-65.4858768	0.483199988	9.81325626	100	0	0	0	3
136	41	0	3.4	-65.9976324	-65.7521543	-66.0146405	-65.4858768	0.48551653	9.81325626	100	0	0	0	3
137	41	0	3.425	-65.9131805	-65.7725021	-66.0146405	-65.527313	0.48165415	9.81325626	100	0	0	0	3
138	42	0	3.45	-66.0552607	-65.7960563	-66.0552607	-65.527313	0.483631232	9.81325626	100	0	0	0	3
139	42	0	3.475	-66.0831426	-65.8209662	-66.0831426	-65.527313	0.484286751	9.81325626	100	0	0	0	3
140	43	0	3.5	-66.1242502	-65.8485381	-66.1242502	-65.527313	0.491481254	9.81325626	100	0	0	0	3
141	43	0	3.525	-66.0958272	-65.8756102	-66.1242502	-65.5440124	0.496358873	9.81325626	100	0	0	0	3
142	43	0	3.55	-66.0696085	-65.9006385	-66.1242502	-65.5813422	0.501314086	9.81325626	100	0	0	0	3
143	44	0	3.575	-66.1172396	-65.9261575	-66.1242502	-65.6634695	0.460780642	9.81325626	100	0	0	0	3
144	44	0	3.6	-66.0760446	-65.9458039	-66.1242502	-65.7244176	0.399832504	9.81325626	100	0	0	0	3
145	44	0	3.625	-66.0211142	-65.9588456	-66.1242502	-65.7244176	0.399832504	9.81325626	100	0	0	0	3
146	45	0	3.65	-66.130949	-65.9748496	-66.130949	-65.7244176	0.406531359	9.81325626	100	0	0	0	3
147	45	0	3.675	-66.2278472	-65.9951218	-66.2278472	-65.7244176	0.4716041	9.81325626	100	0	0	0	3
148	45	0	3.7	-66.141511	-66.0137552	-66.2278472	-65.7244176	0.468894835	9.81325626	100	0	0	0	3
149	46	0	3.725	-66.1460509	-66.033833	-66.2278472	-65.7412283	0.467703843	9.81325626	100	0	0	0	3
150	46	0	3.75	-66.1124874	-66.051512	-66.2278472	-65.8545914	0.373255873	9.81325626	100	0	0	0	3
151	46	0	3.775	-66.1329646	-66.0647679	-66.2278472	-65.9131805	0.314666758	9.81325626	100	0	0	0	3
152	47	0	3.8	-66.163016	-66.0763172	-66.2278472	-65.9131805	0.314666758	9.81325626	100	0	0	0	3
153	47	0	3.825	-66.3127221	-66.0912224	-66.3127221	-65.9131805	0.399541582	9.81325626	100	0	0	0	3
154	47	0	3.85	-66.3184978	-66.107196	-66.3184978	-65.9131805	0.4047071	9.81325626	100	0	0	0	3
155	48	0	3.875	-66.3924002	-66.1251846	-66.3924002	-65.9131805	0.396826996	9.81325626	100	0	0	0	3
156	48	0	3.9	-66.3747248	-66.1431653	-66.3924002	-65.9131805	0.391011024	9.81325626	100	0	0	0	3
157	48	0	3.925	-66.3598009	-66.1604114	-66.3924002	-65.9131805	0.387909348	9.81325626	100	0	0	0	3
158	48	0	3.95	-66.2727877	-66.1775356	-66.3924002	-66.0211142	0.37128594	9.81325626	100	0	0	0	3
159	49	0	3.975	-66.4234023	-66.1950661	-66.4234023	-66.0211142	0.37409995	9.81325626	100	0	0	0	3
160	49	0	4	-66.391672	-66.209758	-66.4234023	-66.0211142	0.361219938	9.81325626	100	0	0	0	3
