Iteration	CPUTime	PhysTime	Travels	Value	AvValue	MinValue	MaxValue	Delta	Criteria	Progress	dGMaxMin	CriteriaType	CriteriaVarType	CriteriaPercentage
1	1	0	0.025	-0.0198485044	-0.0198485044	-0.0198485044	-0.0198485044	0	0	0	0	0	0	3
2	1	0	0.05	0.0593677939	0.0197596447	-0.0198485044	0.0593677939	0.0396081492	0	0	0	0	0	3
3	1	0	0.075	-0.00412916736	0.0117967074	-0.0198485044	0.0593677939	0.0396081492	0	0	0	0	0	3
4	1	0	0.1	0.00329699013	0.00967177807	-0.0198485044	0.0593677939	0.0396081492	0	0	0	0	0	3
5	2	0	0.125	0.012330759	0.0102035742	-0.0198485044	0.0593677939	0.0396081492	0	0	0	0	0	3
6	2	0	0.15	0.0109549547	0.0103288043	-0.0198485044	0.0593677939	0.0396081492	0	0	0	0	0	3
7	2	0	0.175	0.00228365917	0.00917949787	-0.0198485044	0.0593677939	0.0396081492	0	0	0	0	0	3
8	2	0	0.2	0.00990187238	0.00926979468	-0.0198485044	0.0593677939	0.0396081492	0	0	0	0	0	3
9	2	0	0.225	0.0040387297	0.00868856524	-0.0198485044	0.0593677939	0.0396081492	0	0	0	0	0	3
10	3	0	0.25	0.0102903528	0.008848744	-0.0198485044	0.0593677939	0.0396081492	0	0	0	0	0	3
11	3	0	0.275	-0.016103795	0.00658033136	-0.0198485044	0.0593677939	0.0396081492	0	0	0	0	0	3
12	3	0	0.3	-0.0419425012	0.00253676198	-0.0419425012	0.0593677939	0.0396081492	0	0	0	0	0	3
13	3	0	0.325	-0.108236114	-0.0059842285	-0.108236114	0.0593677939	0.0396081492	0	0	0	0	0	3
14	3	0	0.35	-0.149610302	-0.0162432337	-0.149610302	0.0593677939	0.0396081492	0	0	0	0	0	3
15	4	0	0.375	-0.241683092	-0.0312725576	-0.241683092	0.0593677939	0.0510322024	0	0	0	0	0	3
16	4	0	0.4	-0.315722784	-0.0490506968	-0.315722784	0.0593677939	0.0688103415	0	0	0	0	0	3
17	4	0	0.425	-0.398758443	-0.0696217407	-0.398758443	0.0593677939	0.0893813854	0	0	0	0	0	3
18	4	0	0.45	-0.478320522	-0.0923272285	-0.478320522	0.0593677939	0.112086873	0	0	0	0	0	3
19	5	0	0.475	-0.548452272	-0.11633381	-0.548452272	0.0593677939	0.136093454	0	0	0	0	0	3
20	5	0	0.5	-0.550964581	-0.138065348	-0.550964581	0.0593677939	0.157824993	0	0	0	0	0	3
21	5	0	0.525	-0.524531634	-0.163299505	-0.550964581	0.0593677939	0.18305915	0	0	0	0	0	3
22	5	0	0.55	-0.462670276	-0.189401408	-0.550964581	0.012330759	0.201198116	0	0	0	0	0	3
23	5	0	0.575	-0.425852543	-0.210487577	-0.550964581	0.012330759	0.220816381	0	0	0	0	0	3
24	6	0	0.6	-0.388330939	-0.230068974	-0.550964581	0.012330759	0.240397778	0	0	0	0	0	3
25	6	0	0.625	-0.346825812	-0.248026802	-0.550964581	0.0109549547	0.258355606	0	0	0	0	0	3
26	6	0	0.65	-0.339848367	-0.265566968	-0.550964581	0.0102903528	0.274836763	0	0	0	0	0	3
27	7	0	0.675	-0.315765332	-0.281469418	-0.550964581	0.0102903528	0.290739212	0	0	0	0	0	3
28	7	0	0.7	-0.32818501	-0.298373762	-0.550964581	0.0102903528	0.307222506	0	0	0	0	0	3
29	7	0	0.725	-0.323650903	-0.314758244	-0.550964581	0.0102903528	0.323606988	0	0	0	0	0	3
30	7	0	0.75	-0.337789022	-0.332162212	-0.550964581	-0.016103795	0.338742544	0	0	0	0	0	3
31	7	0	0.775	-0.351262836	-0.348920164	-0.550964581	-0.0419425012	0.351456926	0	0	0	0	0	3
32	8	0	0.8	-0.381373583	-0.365891718	-0.550964581	-0.108236114	0.35990749	0	0	0	0	0	3
33	8	0	0.825	-0.383122668	-0.379636046	-0.550964581	-0.149610302	0.363392812	0	0	0	0	0	3
34	8	0	0.85	-0.410195504	-0.392665306	-0.550964581	-0.241683092	0.309281489	0	0	0	0	0	3
35	9	0	0.875	-0.428822003	-0.402022252	-0.550964581	-0.315722784	0.235241798	0	0	0	0	0	3
36	9	0	0.9	-0.440366642	-0.408254445	-0.550964581	-0.315765332	0.235199249	0	0	0	0	0	3
37	9	0	0.925	-0.42045815	-0.40933943	-0.550964581	-0.315765332	0.235199249	0	0	0	0	0	3
38	9	0	0.95	-0.442259204	-0.407536364	-0.550964581	-0.315765332	0.235199249	0	0	0	0	0	3
39	9	0	0.975	-0.43619016	-0.401923259	-0.550964581	-0.315765332	0.235199249	0	0	0	0	0	3
40	10	0	1	-0.465547305	-0.397652395	-0.524531634	-0.315765332	0.208766301	0.0844943011	40.4	0	0	0	3
41	10	0	1.025	-0.450837317	-0.393967679	-0.465547305	-0.315765332	0.149781972	0.0844943011	56.4	0	0	0	3
42	10	0	1.05	-0.488495582	-0.395258944	-0.488495582	-0.315765332	0.17273025	0.0844943011	48.9	0	0	0	3
43	10	0	1.075	-0.460617678	-0.396997201	-0.488495582	-0.315765332	0.17273025	0.0844943011	48.9	0	0	0	3
44	11	0	1.1	-0.476168343	-0.400767255	-0.488495582	-0.315765332	0.17273025	0.0844943011	48.9	0	0	0	3
45	11	0	1.125	-0.471179065	-0.404712404	-0.488495582	-0.315765332	0.161312628	0.0844943011	52.3	0	0	0	3
46	11	0	1.15	-0.508532999	-0.412412746	-0.508532999	-0.315765332	0.146845778	0.0844943011	57.5	0	0	0	3
47	12	0	1.175	-0.495917528	-0.419844611	-0.508532999	-0.315765332	0.138375193	0.0844943011	61	0	0	0	3
48	12	0	1.2	-0.517423519	-0.429447382	-0.517423519	-0.323650903	0.13107362	0.0844943011	64.4	0	0	0	3
49	12	0	1.225	-0.508244904	-0.438021663	-0.517423519	-0.323650903	0.123263419	0.0844943011	68.5	0	0	0	3
50	13	0	1.25	-0.548287724	-0.448718654	-0.548287724	-0.337789022	0.116556442	0.0844943011	72.4	0	0	0	3
51	13	0	1.275	-0.527220937	-0.457739221	-0.548287724	-0.351262836	0.108819057	0.0844943011	77.6	0	0	0	3
52	13	0	1.3	-0.538524546	-0.466656446	-0.548287724	-0.381373583	0.100764727	0.0844943011	83.8	0	0	0	3
53	13	0	1.325	-0.522298923	-0.473367176	-0.548287724	-0.383122668	0.0937311301	0.0844943011	90.1	0	0	0	3
54	14	0	1.35	-0.550076135	-0.481317341	-0.550076135	-0.410195504	0.0886520351	0.0844943011	95.3	0	0	0	3
55	14	0	1.375	-0.522795033	-0.486679224	-0.550076135	-0.42045815	0.0927115447	0.0844943011	91.1	0	0	0	3
56	14	0	1.4	-0.543795991	-0.492154175	-0.550076135	-0.42045815	0.0981864965	0.0844943011	86	0	0	0	3
57	15	0	1.425	-0.525116979	-0.496189906	-0.550076135	-0.42045815	0.102222227	0.0844943011	82.6	0	0	0	3
58	15	0	1.45	-0.553164171	-0.50250924	-0.553164171	-0.43619016	0.108541561	0.0844943011	77.8	0	0	0	3
59	15	0	1.475	-0.532689157	-0.506815428	-0.553164171	-0.43619016	0.112847749	0.0844943011	74.8	0	0	0	3
60	16	0	1.5	-0.551680648	-0.512314975	-0.553164171	-0.450837317	0.102326853	0.0844943011	82.5	0	0	0	3
61	16	0	1.525	-0.536148962	-0.515676959	-0.553164171	-0.450837317	0.102326853	0.0844943011	82.5	0	0	0	3
62	16	0	1.55	-0.556283467	-0.520698204	-0.556283467	-0.460617678	0.095665789	0.0844943011	88.3	0	0	0	3
63	16	0	1.575	-0.539303759	-0.523117641	-0.556283467	-0.460617678	0.095665789	0.0844943011	88.3	0	0	0	3
64	17	0	1.6	-0.56353269	-0.528018356	-0.56353269	-0.471179065	0.0923536252	0.0844943011	91.4	0	0	0	3
65	17	0	1.625	-0.545842961	-0.531336195	-0.56353269	-0.471179065	0.0923536252	0.0844943011	91.4	0	0	0	3
66	17	0	1.65	-0.567712236	-0.535933013	-0.567712236	-0.495917528	0.0717947088	0.0844943011	100	0	0	0	3
67	18	0	1.675	-0.548888752	-0.537854715	-0.567712236	-0.495917528	0.0717947088	0.0844943011	100	0	0	0	3
68	18	0	1.7	-0.580413757	-0.541878345	-0.580413757	-0.508244904	0.0721688531	0.0844943011	100	0	0	0	3
69	18	0	1.725	-0.565877922	-0.544185698	-0.580413757	-0.508244904	0.0721688531	0.0844943011	100	0	0	0	3
70	18	0	1.75	-0.583691709	-0.547778403	-0.583691709	-0.522298923	0.0613927858	0.0844943011	100	0	0	0	3
71	19	0	1.775	-0.575868015	-0.54909175	-0.583691709	-0.522298923	0.0613927858	0.0844943011	100	0	0	0	3
72	19	0	1.8	-0.599714914	-0.552543844	-0.599714914	-0.522298923	0.0774159909	0.0844943011	100	0	0	0	3
73	19	0	1.825	-0.588624734	-0.554929567	-0.599714914	-0.522298923	0.0774159909	0.0844943011	100	0	0	0	3
74	20	0	1.85	-0.602563866	-0.558751708	-0.602563866	-0.522795033	0.0774343662	0.0844943011	100	0	0	0	3
75	20	0	1.875	-0.585375563	-0.560432633	-0.602563866	-0.522795033	0.073753409	0.0844943011	100	0	0	0	3
76	20	0	1.9	-0.608681632	-0.564522471	-0.608681632	-0.525116979	0.0723682952	0.0844943011	100	0	0	0	3
77	20	0	1.925	-0.599087982	-0.567155423	-0.608681632	-0.525116979	0.0709655169	0.0844943011	100	0	0	0	3
78	21	0	1.95	-0.611960593	-0.571290833	-0.611960593	-0.532689157	0.0687815928	0.0844943011	100	0	0	0	3
79	21	0	1.975	-0.593378335	-0.573205793	-0.611960593	-0.532689157	0.0663903648	0.0844943011	100	0	0	0	3
80	21	0	2	-0.606984056	-0.576743645	-0.611960593	-0.536148962	0.0644286701	0.0844943011	100	0	0	0	3
81	21	0	2.025	-0.592672485	-0.578695638	-0.611960593	-0.536148962	0.0630186786	0.0844943011	100	0	0	0	3
82	22	0	2.05	-0.61530446	-0.582464947	-0.61530446	-0.539303759	0.0617667428	0.0844943011	100	0	0	0	3
83	22	0	2.075	-0.600178442	-0.584555184	-0.61530446	-0.539303759	0.0614375428	0.0844943011	100	0	0	0	3
84	22	0	2.1	-0.611504546	-0.587993317	-0.61530446	-0.545842961	0.0599749606	0.0844943011	100	0	0	0	3
85	23	0	2.125	-0.606995674	-0.590062983	-0.61530446	-0.545842961	0.0587267876	0.0844943011	100	0	0	0	3
86	23	0	2.15	-0.620979396	-0.593640908	-0.620979396	-0.548888752	0.0577078954	0.0844943011	100	0	0	0	3
87	23	0	2.175	-0.603827714	-0.595360693	-0.620979396	-0.548888752	0.0575059775	0.0844943011	100	0	0	0	3
88	24	0	2.2	-0.621346455	-0.59881106	-0.621346455	-0.565877922	0.0554685328	0.0844943011	100	0	0	0	3
89	24	0	2.225	-0.614256833	-0.600422635	-0.621346455	-0.565877922	0.0554685328	0.0844943011	100	0	0	0	3
90	24	0	2.25	-0.631133532	-0.603530045	-0.631133532	-0.575868015	0.0552655168	0.0844943011	100	0	0	0	3
91	25	0	2.275	-0.628551215	-0.605666212	-0.631133532	-0.575868015	0.0552655168	0.0844943011	100	0	0	0	3
92	25	0	2.3	-0.650646939	-0.609227113	-0.650646939	-0.585375563	0.0566832686	0.0844943011	100	0	0	0	3
93	25	0	2.325	-0.645991967	-0.611430782	-0.650646939	-0.585375563	0.0565012144	0.0844943011	100	0	0	0	3
94	26	0	2.35	-0.662098013	-0.614929509	-0.662098013	-0.585375563	0.0561778019	0.0844943011	100	0	0	0	3
95	26	0	2.375	-0.64870366	-0.617126642	-0.662098013	-0.585375563	0.0566940098	0.0844943011	100	0	0	0	3
96	26	0	2.4	-0.66878459	-0.621098501	-0.66878459	-0.592672485	0.0565760302	0.0844943011	100	0	0	0	3
97	27	0	2.425	-0.661885221	-0.623632005	-0.66878459	-0.592672485	0.0564765825	0.0844943011	100	0	0	0	3
98	27	0	2.45	-0.679613543	-0.627466556	-0.679613543	-0.592672485	0.0561757227	0.0844943011	100	0	0	0	3
99	28	0	2.475	-0.669029939	-0.630184144	-0.679613543	-0.592672485	0.0569783504	0.0844943011	100	0	0	0	3
100	28	0	2.5	-0.690505207	-0.634809233	-0.690505207	-0.592672485	0.0580655872	0.0844943011	100	0	0	0	3
101	29	0	2.525	-0.677522813	-0.638168221	-0.690505207	-0.592672485	0.0594725835	0.0844943011	100	0	0	0	3
102	29	0	2.55	-0.693615869	-0.642975049	-0.693615869	-0.600178442	0.0605101018	0.0844943011	100	0	0	0	3
103	29	0	2.575	-0.683888811	-0.64624097	-0.693615869	-0.600178442	0.0616857864	0.0844943011	100	0	0	0	3
104	30	0	2.6	-0.693072525	-0.650664498	-0.693615869	-0.603827714	0.0626711814	0.0844943011	100	0	0	0	3
105	30	0	2.625	-0.684895051	-0.654159284	-0.693615869	-0.603827714	0.0640963015	0.0844943011	100	0	0	0	3
106	30	0	2.65	-0.698231951	-0.658503869	-0.698231951	-0.603827714	0.0648629606	0.0844943011	100	0	0	0	3
107	30	0	2.675	-0.689812361	-0.661781629	-0.698231951	-0.603827714	0.0664209362	0.0844943011	100	0	0	0	3
108	31	0	2.7	-0.699393401	-0.666332376	-0.699393401	-0.614256833	0.0675213163	0.0844943011	100	0	0	0	3
109	31	0	2.725	-0.686659987	-0.669442544	-0.699393401	-0.614256833	0.0690199095	0.0844943011	100	0	0	0	3
110	32	0	2.75	-0.701124022	-0.673579077	-0.701124022	-0.628551215	0.0700490324	0.0844943011	100	0	0	0	3
111	32	0	2.775	-0.695390076	-0.676638912	-0.701124022	-0.628551215	0.0709727009	0.0844943011	100	0	0	0	3
112	32	0	2.8	-0.710602253	-0.680546105	-0.710602253	-0.645991967	0.0646102864	0.0844943011	100	0	0	0	3
113	33	0	2.825	-0.696511738	-0.682730143	-0.710602253	-0.645991967	0.0646102864	0.0844943011	100	0	0	0	3
114	33	0	2.85	-0.711138946	-0.68583238	-0.711138946	-0.64870366	0.0624352861	0.0844943011	100	0	0	0	3
115	33	0	2.875	-0.698469699	-0.687564365	-0.711138946	-0.64870366	0.0624352861	0.0844943011	100	0	0	0	3
116	34	0	2.9	-0.7064695	-0.690315119	-0.711138946	-0.661885221	0.0492537247	0.0844943011	100	0	0	0	3
117	34	0	2.925	-0.697632653	-0.691688837	-0.711138946	-0.661885221	0.0492537247	0.0844943011	100	0	0	0	3
118	35	0	2.95	-0.710217913	-0.693990393	-0.711138946	-0.669029939	0.0421090065	0.0844943011	100	0	0	0	3
119	35	0	2.975	-0.704499194	-0.695175424	-0.711138946	-0.669029939	0.0421090065	0.0844943011	100	0	0	0	3
120	35	0	3	-0.712963918	-0.697267519	-0.712963918	-0.677522813	0.035441105	0.0844943011	100	0	0	0	3
121	36	0	3.025	-0.70984733	-0.698188572	-0.712963918	-0.677522813	0.035441105	0.0844943011	100	0	0	0	3
122	36	0	3.05	-0.722575664	-0.700333946	-0.722575664	-0.683888811	0.0386868526	0.0844943011	100	0	0	0	3
123	37	0	3.075	-0.710600403	-0.701142733	-0.722575664	-0.683888811	0.0386868526	0.0844943011	100	0	0	0	3
124	37	0	3.1	-0.733712912	-0.703515309	-0.733712912	-0.684895051	0.0488178607	0.0844943011	100	0	0	0	3
125	37	0	3.125	-0.712450887	-0.704438089	-0.733712912	-0.684895051	0.0488178607	0.0844943011	100	0	0	0	3
126	38	0	3.15	-0.72640453	-0.70641473	-0.733712912	-0.686659987	0.0470529252	0.0844943011	100	0	0	0	3
127	38	0	3.175	-0.713933911	-0.707162443	-0.733712912	-0.686659987	0.0453808138	0.0844943011	100	0	0	0	3
128	38	0	3.2	-0.726818188	-0.708924625	-0.733712912	-0.686659987	0.042592249	0.0844943011	100	0	0	0	3
129	39	0	3.225	-0.719459921	-0.709880174	-0.733712912	-0.686659987	0.0404376294	0.0844943011	100	0	0	0	3
130	39	0	3.25	-0.734140631	-0.712141157	-0.734140631	-0.695390076	0.0385620796	0.0844943011	100	0	0	0	3
131	39	0	3.275	-0.706933366	-0.712417792	-0.734140631	-0.695390076	0.0357788796	0.0844943011	100	0	0	0	3
132	40	0	3.3	-0.7265249	-0.713900403	-0.734140631	-0.696511738	0.033354298	0.0844943011	100	0	0	0	3
133	40	0	3.325	-0.722298803	-0.714457381	-0.734140631	-0.696511738	0.0317272385	0.0844943011	100	0	0	0	3
134	40	0	3.35	-0.727551365	-0.715935459	-0.734140631	-0.697632653	0.0301030788	0.0844943011	100	0	0	0	3
135	41	0	3.375	-0.729407511	-0.71680539	-0.734140631	-0.697632653	0.0292410255	0.0844943011	100	0	0	0	3
136	41	0	3.4	-0.734815155	-0.718536126	-0.734815155	-0.697632653	0.0282210072	0.0844943011	100	0	0	0	3
137	41	0	3.425	-0.725792974	-0.719456292	-0.734815155	-0.697632653	0.0277674553	0.0844943011	100	0	0	0	3
138	42	0	3.45	-0.73511901	-0.721241356	-0.73511901	-0.704499194	0.0272509631	0.0844943011	100	0	0	0	3
139	42	0	3.475	-0.73717589	-0.72252507	-0.73717589	-0.704499194	0.0273496453	0.0844943011	100	0	0	0	3
140	43	0	3.5	-0.741942215	-0.724308071	-0.741942215	-0.706933366	0.027040552	0.0844943011	100	0	0	0	3
141	43	0	3.525	-0.73404379	-0.725311874	-0.741942215	-0.706933366	0.027123302	0.0844943011	100	0	0	0	3
142	43	0	3.55	-0.741546135	-0.726821341	-0.741942215	-0.706933366	0.0264873951	0.0844943011	100	0	0	0	3
143	44	0	3.575	-0.738626885	-0.727585685	-0.741942215	-0.706933366	0.0264429517	0.0844943011	100	0	0	0	3
144	44	0	3.6	-0.754148453	-0.729659402	-0.754148453	-0.706933366	0.0261440921	0.0844943011	100	0	0	0	3
145	44	0	3.625	-0.752486843	-0.730553398	-0.754148453	-0.706933366	0.0261153096	0.0844943011	100	0	0	0	3
146	45	0	3.65	-0.754734541	-0.732566906	-0.754734541	-0.706933366	0.0261521751	0.0844943011	100	0	0	0	3
147	45	0	3.675	-0.752107175	-0.733790841	-0.754734541	-0.706933366	0.0266283982	0.0844943011	100	0	0	0	3
148	45	0	3.7	-0.75964555	-0.735967586	-0.75964555	-0.706933366	0.0270429607	0.0844943011	100	0	0	0	3
149	46	0	3.725	-0.763020442	-0.737691503	-0.763020442	-0.706933366	0.027811329	0.0844943011	100	0	0	0	3
150	46	0	3.75	-0.76961183	-0.740079689	-0.76961183	-0.706933366	0.0279385321	0.0844943011	100	0	0	0	3
151	46	0	3.775	-0.773176792	-0.741938554	-0.773176792	-0.706933366	0.0295207615	0.0844943011	100	0	0	0	3
152	47	0	3.8	-0.765481045	-0.744726538	-0.773176792	-0.722298803	0.0308261356	0.0844943011	100	0	0	0	3
153	47	0	3.825	-0.762436829	-0.74643663	-0.773176792	-0.722298803	0.0319792488	0.0844943011	100	0	0	0	3
154	47	0	3.85	-0.775687902	-0.748978968	-0.775687902	-0.725792974	0.0330435095	0.0844943011	100	0	0	0	3
155	48	0	3.875	-0.762250488	-0.750631307	-0.775687902	-0.725792974	0.033825917	0.0844943011	100	0	0	0	3
156	48	0	3.9	-0.773038125	-0.752708956	-0.775687902	-0.725792974	0.0341728292	0.0844943011	100	0	0	0	3
157	48	0	3.925	-0.751749458	-0.753515351	-0.775687902	-0.725792974	0.0340590592	0.0844943011	100	0	0	0	3
158	48	0	3.95	-0.770683534	-0.755652997	-0.775687902	-0.73404379	0.0344116403	0.0844943011	100	0	0	0	3
159	49	0	3.975	-0.765115607	-0.757081406	-0.775687902	-0.73404379	0.0345563365	0.0844943011	100	0	0	0	3
160	49	0	4	-0.765619427	-0.75843586	-0.775687902	-0.73404379	0.0341277897	0.0844943011	100	0	0	0	3
